Genepop 4.7.5, Basic data for each locus in each population

File: Data/09a_BWS_Data_50_NoSibs_2017_GenePop.txt (Title line:"")

Number of populations detected : 1
Number of loci detected        : 12

'Expected' numbers of homozygotes or heterozygotes
are computed using Levene's correction

Fis: computed as in Weir & Cockerham (1984);
also as in Robertson & Hill (1984).
=============================================
  Detailed analyses
=============================================

 Pop: Pop1   Locus: LIST2007
-----------------------------------------

     Genotypic matrix:
         1   2   3   4   5   6
        ________________________
     1   2
     2   5   2
     3  10  10  62
     4   0   0   0   0
     5   0   0   0   1   4
     6   0   0   0   0   1   0

    Genotypes  Obs.      Expected
     1 , 1      2        0.8860
     2 , 1      5        1.8705
     2 , 2      2        0.8860
     3 , 1      10      14.1762
     3 , 2      10      14.1762
     3 , 3      62      53.3472
     4 , 1      0        0.0984
     4 , 2      0        0.0984
     4 , 3      0        0.7461
     4 , 4      0        0.0000
     5 , 1      0        0.9845
     5 , 2      0        0.9845
     5 , 3      0        7.4611
     5 , 4      1        0.0518
     5 , 5      4        0.2332
     6 , 1      0        0.0984
     6 , 2      0        0.0984
     6 , 3      0        0.7461
     6 , 4      0        0.0052
     6 , 5      1        0.0518
     6 , 6      0        0.0000


    Expected number of homozygotes  : 55.3523
    Observed number of homozygotes  : 70
    Expected number of heterozygotes: 41.6477
    Observed number of heterozygotes: 27



    Allele frequencies and Fis:
    -------------------------------------------------------
                                           Fis
                                           ----------------
    Allele     Sample count     Frequency   W&C      R&H
     1             19             0.0979    0.1299
     2             19             0.0979    0.1299
     3             144            0.7423    0.4652
     4             1              0.0052    0.0000
     5             10             0.0515    0.7911
     6             1              0.0052    0.0000
    Tot            194                      0.3529   0.2228
    -------------------------------------------------------

 Pop: Pop1   Locus: LIST2003
-----------------------------------------

     Genotypic matrix:
         1   2   3   4   5   6   7   8   9  10  11  12  13  14  15  16  17  18
        ________________________________________________________________________
     1   1
     2   0   0
     3   0   0   1
     4   5   0   0  12
     5   0   0   0   2   1
     6   1   3   0  18   3   7
     7   1   1   0   2   0   1   0
     8   1   0   0   8   2   1   1   0
     9   0   0   0   0   0   1   0   0   0
    10   1   1   0   4   2   1   0   2   0   0
    11   0   0   0   1   0   1   0   0   0   0   0
    12   0   0   0   0   0   0   0   0   0   0   0   0
    13   0   0   0   0   0   0   0   0   1   0   1   0   0
    14   0   0   0   1   0   0   0   0   0   0   0   0   0   0
    15   0   0   0   1   0   0   0   0   0   0   0   1   0   0   0
    16   0   0   0   0   0   0   0   0   0   0   0   0   0   0   0   0
    17   0   0   0   1   0   0   0   0   0   0   0   0   0   0   0   0   1
    18   0   0   0   0   0   0   0   0   0   0   0   0   0   0   0   1   0   2

    Genotypes  Obs.      Expected
     1 , 1      1        0.2880
     2 , 1      0        0.2880
     2 , 2      0        0.0524
     3 , 1      0        0.1152
     3 , 2      0        0.0524
     3 , 3      1        0.0052
     4 , 1      5        3.8586
     4 , 2      0        1.7539
     4 , 3      0        0.7016
     4 , 4      12      11.5759
     5 , 1      0        0.6335
     5 , 2      0        0.2880
     5 , 3      0        0.1152
     5 , 4      2        3.8586
     5 , 5      1        0.2880
     6 , 1      1        2.5340
     6 , 2      3        1.1518
     6 , 3      0        0.4607
     6 , 4      18      15.4346
     6 , 5      3        2.5340
     6 , 6      7        4.9529
     7 , 1      1        0.3455
     7 , 2      1        0.1571
     7 , 3      0        0.0628
     7 , 4      2        2.1047
     7 , 5      0        0.3455
     7 , 6      1        1.3822
     7 , 7      0        0.0785
     8 , 1      1        0.8639
     8 , 2      0        0.3927
     8 , 3      0        0.1571
     8 , 4      8        5.2618
     8 , 5      2        0.8639
     8 , 6      1        3.4555
     8 , 7      1        0.4712
     8 , 8      0        0.5497
     9 , 1      0        0.1152
     9 , 2      0        0.0524
     9 , 3      0        0.0209
     9 , 4      0        0.7016
     9 , 5      0        0.1152
     9 , 6      1        0.4607
     9 , 7      0        0.0628
     9 , 8      0        0.1571
     9 , 9      0        0.0052
    10 , 1      1        0.6335
    10 , 2      1        0.2880
    10 , 3      0        0.1152
    10 , 4      4        3.8586
    10 , 5      2        0.6335
    10 , 6      1        2.5340
    10 , 7      0        0.3455
    10 , 8      2        0.8639
    10 , 9      0        0.1152
    10 , 10     0        0.2880
    11 , 1      0        0.1728
    11 , 2      0        0.0785
    11 , 3      0        0.0314
    11 , 4      1        1.0524
    11 , 5      0        0.1728
    11 , 6      1        0.6911
    11 , 7      0        0.0942
    11 , 8      0        0.2356
    11 , 9      0        0.0314
    11 , 10     0        0.1728
    11 , 11     0        0.0157
    12 , 1      0        0.0576
    12 , 2      0        0.0262
    12 , 3      0        0.0105
    12 , 4      0        0.3508
    12 , 5      0        0.0576
    12 , 6      0        0.2304
    12 , 7      0        0.0314
    12 , 8      0        0.0785
    12 , 9      0        0.0105
    12 , 10     0        0.0576
    12 , 11     0        0.0157
    12 , 12     0        0.0000
    13 , 1      0        0.1152
    13 , 2      0        0.0524
    13 , 3      0        0.0209
    13 , 4      0        0.7016
    13 , 5      0        0.1152
    13 , 6      0        0.4607
    13 , 7      0        0.0628
    13 , 8      0        0.1571
    13 , 9      1        0.0209
    13 , 10     0        0.1152
    13 , 11     1        0.0314
    13 , 12     0        0.0105
    13 , 13     0        0.0052
    14 , 1      0        0.0576
    14 , 2      0        0.0262
    14 , 3      0        0.0105
    14 , 4      1        0.3508
    14 , 5      0        0.0576
    14 , 6      0        0.2304
    14 , 7      0        0.0314
    14 , 8      0        0.0785
    14 , 9      0        0.0105
    14 , 10     0        0.0576
    14 , 11     0        0.0157
    14 , 12     0        0.0052
    14 , 13     0        0.0105
    14 , 14     0        0.0000
    15 , 1      0        0.1152
    15 , 2      0        0.0524
    15 , 3      0        0.0209
    15 , 4      1        0.7016
    15 , 5      0        0.1152
    15 , 6      0        0.4607
    15 , 7      0        0.0628
    15 , 8      0        0.1571
    15 , 9      0        0.0209
    15 , 10     0        0.1152
    15 , 11     0        0.0314
    15 , 12     1        0.0105
    15 , 13     0        0.0209
    15 , 14     0        0.0105
    15 , 15     0        0.0052
    16 , 1      0        0.0576
    16 , 2      0        0.0262
    16 , 3      0        0.0105
    16 , 4      0        0.3508
    16 , 5      0        0.0576
    16 , 6      0        0.2304
    16 , 7      0        0.0314
    16 , 8      0        0.0785
    16 , 9      0        0.0105
    16 , 10     0        0.0576
    16 , 11     0        0.0157
    16 , 12     0        0.0052
    16 , 13     0        0.0105
    16 , 14     0        0.0052
    16 , 15     0        0.0105
    16 , 16     0        0.0000
    17 , 1      0        0.1728
    17 , 2      0        0.0785
    17 , 3      0        0.0314
    17 , 4      1        1.0524
    17 , 5      0        0.1728
    17 , 6      0        0.6911
    17 , 7      0        0.0942
    17 , 8      0        0.2356
    17 , 9      0        0.0314
    17 , 10     0        0.1728
    17 , 11     0        0.0471
    17 , 12     0        0.0157
    17 , 13     0        0.0314
    17 , 14     0        0.0157
    17 , 15     0        0.0314
    17 , 16     0        0.0157
    17 , 17     1        0.0157
    18 , 1      0        0.2880
    18 , 2      0        0.1309
    18 , 3      0        0.0524
    18 , 4      0        1.7539
    18 , 5      0        0.2880
    18 , 6      0        1.1518
    18 , 7      0        0.1571
    18 , 8      0        0.3927
    18 , 9      0        0.0524
    18 , 10     0        0.2880
    18 , 11     0        0.0785
    18 , 12     0        0.0262
    18 , 13     0        0.0524
    18 , 14     0        0.0262
    18 , 15     0        0.0524
    18 , 16     1        0.0262
    18 , 17     0        0.0785
    18 , 18     2        0.0524


    Expected number of homozygotes  : 18.1780
    Observed number of homozygotes  : 25
    Expected number of heterozygotes: 77.8220
    Observed number of heterozygotes: 71



    Allele frequencies and Fis:
    -------------------------------------------------------
                                           Fis
                                           ----------------
    Allele     Sample count     Frequency   W&C      R&H
     1             11             0.0573    0.1372
     2             5              0.0260   -0.0215
     3             2              0.0104    1.0000
     4             67             0.3490    0.0194
     5             11             0.0573    0.1372
     6             44             0.2292    0.1206
     7             6              0.0312   -0.0270
     8             15             0.0781   -0.0795
     9             2              0.0104   -0.0053
     10            11             0.0573   -0.0556
     11            3              0.0156   -0.0106
     12            1              0.0052    0.0000
     13            2              0.0104   -0.0053
     14            1              0.0052    0.0000
     15            2              0.0104   -0.0053
     16            1              0.0052    0.0000
     17            3              0.0156    0.6643
     18            5              0.0260    0.7966
    Tot            192                      0.0881   0.1535
    -------------------------------------------------------

 Pop: Pop1   Locus: LIST2013
-----------------------------------------

     Genotypic matrix:
         1   2   3   4   5   6   7   8   9  10
        ________________________________________
     1   0
     2   0   0
     3   1   0   1
     4   0   0   0   0
     5   0   1   0   0  10
     6   0   0   0   0  10   4
     7   0   0   0   1  15  10  11
     8   0   0   0   0  10   4   7   1
     9   0   0   0   0   0   0   1   0   0
    10   0   0   0   0   0   1   0   0   0   0

    Genotypes  Obs.      Expected
     1 , 1      0        0.0000
     2 , 1      0        0.0057
     2 , 2      0        0.0000
     3 , 1      1        0.0171
     3 , 2      0        0.0171
     3 , 3      1        0.0171
     4 , 1      0        0.0057
     4 , 2      0        0.0057
     4 , 3      0        0.0171
     4 , 4      0        0.0000
     5 , 1      0        0.3200
     5 , 2      1        0.3200
     5 , 3      0        0.9600
     5 , 4      0        0.3200
     5 , 5      10       8.8000
     6 , 1      0        0.1886
     6 , 2      0        0.1886
     6 , 3      0        0.5657
     6 , 4      0        0.1886
     6 , 5      10      10.5600
     6 , 6      4        3.0171
     7 , 1      0        0.3200
     7 , 2      0        0.3200
     7 , 3      0        0.9600
     7 , 4      1        0.3200
     7 , 5      15      17.9200
     7 , 6      10      10.5600
     7 , 7      11       8.8000
     8 , 1      0        0.1314
     8 , 2      0        0.1314
     8 , 3      0        0.3943
     8 , 4      0        0.1314
     8 , 5      10       7.3600
     8 , 6      4        4.3371
     8 , 7      7        7.3600
     8 , 8      1        1.4457
     9 , 1      0        0.0057
     9 , 2      0        0.0057
     9 , 3      0        0.0171
     9 , 4      0        0.0057
     9 , 5      0        0.3200
     9 , 6      0        0.1886
     9 , 7      1        0.3200
     9 , 8      0        0.1314
     9 , 9      0        0.0000
    10 , 1      0        0.0057
    10 , 2      0        0.0057
    10 , 3      0        0.0171
    10 , 4      0        0.0057
    10 , 5      0        0.3200
    10 , 6      1        0.1886
    10 , 7      0        0.3200
    10 , 8      0        0.1314
    10 , 9      0        0.0057
    10 , 10     0        0.0000


    Expected number of homozygotes  : 22.0800
    Observed number of homozygotes  : 27
    Expected number of heterozygotes: 65.9200
    Observed number of heterozygotes: 61



    Allele frequencies and Fis:
    -------------------------------------------------------
                                           Fis
                                           ----------------
    Allele     Sample count     Frequency   W&C      R&H
     1             1              0.0057   -0.0000
     2             1              0.0057   -0.0000
     3             3              0.0170    0.6641
     4             1              0.0057   -0.0000
     5             56             0.3182    0.0628
     6             33             0.1875    0.0733
     7             56             0.3182    0.1152
     8             23             0.1307   -0.0446
     9             1              0.0057   -0.0000
     10            1              0.0057   -0.0000
    Tot            176                      0.0750   0.0891
    -------------------------------------------------------

 Pop: Pop1   Locus: LIST2018
-----------------------------------------

     Genotypic matrix:
         1   2   3   4   5   6   7   8   9  10  11  12  13  14
        ________________________________________________________
     1   0
     2   1   1
     3   0   1   5
     4   0   1   1   2
     5   0   2   2   2   2
     6   0   2   2   2   1   2
     7   0   5   2   0   3   5   6
     8   2   2   7   3   4   1   6   3
     9   0   0   2   0   1   2   1   2   0
    10   0   0   0   0   0   0   1   0   2   0
    11   0   0   0   0   0   0   1   0   0   0   0
    12   1   0   0   0   0   0   0   0   0   0   0   0
    13   0   0   0   0   0   0   0   1   0   0   0   0   1
    14   0   0   0   0   0   0   0   0   0   0   1   0   0   0

    Genotypes  Obs.      Expected
     1 , 1      0        0.0321
     2 , 1      1        0.3422
     2 , 2      1        0.6417
     3 , 1      0        0.5775
     3 , 2      1        2.3102
     3 , 3      5        1.8770
     4 , 1      0        0.2781
     4 , 2      1        1.1123
     4 , 3      1        1.8770
     4 , 4      2        0.4171
     5 , 1      0        0.4064
     5 , 2      2        1.6257
     5 , 3      2        2.7433
     5 , 4      2        1.3209
     5 , 5      2        0.9144
     6 , 1      0        0.4064
     6 , 2      2        1.6257
     6 , 3      2        2.7433
     6 , 4      2        1.3209
     6 , 5      1        1.9305
     6 , 6      2        0.9144
     7 , 1      0        0.7701
     7 , 2      5        3.0802
     7 , 3      2        5.1979
     7 , 4      0        2.5027
     7 , 5      3        3.6578
     7 , 6      5        3.6578
     7 , 7      6        3.3690
     8 , 1      2        0.7273
     8 , 2      2        2.9091
     8 , 3      7        4.9091
     8 , 4      3        2.3636
     8 , 5      4        3.4545
     8 , 6      1        3.4545
     8 , 7      6        6.5455
     8 , 8      3        3.0000
     9 , 1      0        0.2139
     9 , 2      0        0.8556
     9 , 3      2        1.4439
     9 , 4      0        0.6952
     9 , 5      1        1.0160
     9 , 6      2        1.0160
     9 , 7      1        1.9251
     9 , 8      2        1.8182
     9 , 9      0        0.2406
    10 , 1      0        0.0642
    10 , 2      0        0.2567
    10 , 3      0        0.4332
    10 , 4      0        0.2086
    10 , 5      0        0.3048
    10 , 6      0        0.3048
    10 , 7      1        0.5775
    10 , 8      0        0.5455
    10 , 9      2        0.1604
    10 , 10     0        0.0160
    11 , 1      0        0.0428
    11 , 2      0        0.1711
    11 , 3      0        0.2888
    11 , 4      0        0.1390
    11 , 5      0        0.2032
    11 , 6      0        0.2032
    11 , 7      1        0.3850
    11 , 8      0        0.3636
    11 , 9      0        0.1070
    11 , 10     0        0.0321
    11 , 11     0        0.0053
    12 , 1      1        0.0214
    12 , 2      0        0.0856
    12 , 3      0        0.1444
    12 , 4      0        0.0695
    12 , 5      0        0.1016
    12 , 6      0        0.1016
    12 , 7      0        0.1925
    12 , 8      0        0.1818
    12 , 9      0        0.0535
    12 , 10     0        0.0160
    12 , 11     0        0.0107
    12 , 12     0        0.0000
    13 , 1      0        0.0642
    13 , 2      0        0.2567
    13 , 3      0        0.4332
    13 , 4      0        0.2086
    13 , 5      0        0.3048
    13 , 6      0        0.3048
    13 , 7      0        0.5775
    13 , 8      1        0.5455
    13 , 9      0        0.1604
    13 , 10     0        0.0481
    13 , 11     0        0.0321
    13 , 12     0        0.0160
    13 , 13     1        0.0160
    14 , 1      0        0.0214
    14 , 2      0        0.0856
    14 , 3      0        0.1444
    14 , 4      0        0.0695
    14 , 5      0        0.1016
    14 , 6      0        0.1016
    14 , 7      0        0.1925
    14 , 8      0        0.1818
    14 , 9      0        0.0535
    14 , 10     0        0.0160
    14 , 11     1        0.0107
    14 , 12     0        0.0053
    14 , 13     0        0.0160
    14 , 14     0        0.0000


    Expected number of homozygotes  : 11.4439
    Observed number of homozygotes  : 22
    Expected number of heterozygotes: 82.5561
    Observed number of heterozygotes: 72



    Allele frequencies and Fis:
    -------------------------------------------------------
                                           Fis
                                           ----------------
    Allele     Sample count     Frequency   W&C      R&H
     1             4              0.0213   -0.0164
     2             16             0.0851    0.0489
     3             27             0.1436    0.2697
     4             13             0.0691    0.2613
     5             19             0.1011    0.1270
     6             19             0.1011    0.1270
     7             36             0.1915    0.1806
     8             34             0.1809    0.0000
     9             10             0.0532   -0.0508
     10            3              0.0160   -0.0109
     11            2              0.0106   -0.0054
     12            1              0.0053    0.0000
     13            3              0.0160    0.6643
     14            1              0.0053    0.0000
    Tot            188                      0.1285   0.1137
    -------------------------------------------------------

 Pop: Pop1   Locus: VMA3
-----------------------------------------

     Genotypic matrix:
         1   2   3   4   5   6   7   8   9
        ____________________________________
     1   1
     2   0   1
     3   0   0  12
     4   0   1  23  29
     5   0   0   0   4   0
     6   0   1   0   0   0   0
     7   0   0   1   0   1   0   0
     8   0   0   3   4   2   0   0   0
     9   0   0   2   1   1   0   0   1   2

    Genotypes  Obs.      Expected
     1 , 1      1        0.0056
     2 , 1      0        0.0447
     2 , 2      1        0.0335
     3 , 1      0        0.5922
     3 , 2      0        1.1844
     3 , 3      12       7.6983
     4 , 1      0        1.0168
     4 , 2      1        2.0335
     4 , 3      23      26.9441
     4 , 4      29      22.8771
     5 , 1      0        0.0894
     5 , 2      0        0.1788
     5 , 3      0        2.3687
     5 , 4      4        4.0670
     5 , 5      0        0.1564
     6 , 1      0        0.0112
     6 , 2      1        0.0223
     6 , 3      0        0.2961
     6 , 4      0        0.5084
     6 , 5      0        0.0447
     6 , 6      0        0.0000
     7 , 1      0        0.0223
     7 , 2      0        0.0447
     7 , 3      1        0.5922
     7 , 4      0        1.0168
     7 , 5      1        0.0894
     7 , 6      0        0.0112
     7 , 7      0        0.0056
     8 , 1      0        0.1117
     8 , 2      0        0.2235
     8 , 3      3        2.9609
     8 , 4      4        5.0838
     8 , 5      2        0.4469
     8 , 6      0        0.0559
     8 , 7      0        0.1117
     8 , 8      0        0.2514
     9 , 1      0        0.1006
     9 , 2      0        0.2011
     9 , 3      2        2.6648
     9 , 4      1        4.5754
     9 , 5      1        0.4022
     9 , 6      0        0.0503
     9 , 7      0        0.1006
     9 , 8      1        0.5028
     9 , 9      2        0.2011


    Expected number of homozygotes  : 31.2291
    Observed number of homozygotes  : 45
    Expected number of heterozygotes: 58.7709
    Observed number of heterozygotes: 45



    Allele frequencies and Fis:
    -------------------------------------------------------
                                           Fis
                                           ----------------
    Allele     Sample count     Frequency   W&C      R&H
     1             2              0.0111    1.0000
     2             4              0.0222    0.4929
     3             53             0.2944    0.2298
     4             91             0.5056    0.2718
     5             8              0.0444   -0.0409
     6             1              0.0056    0.0000
     7             2              0.0111   -0.0056
     8             10             0.0556   -0.0533
     9             9              0.0500    0.4198
    Tot            180                      0.2353   0.2614
    -------------------------------------------------------

 Pop: Pop1   Locus: LIST2004
-----------------------------------------

     Genotypic matrix:
         1   2   3   4   5   6   7   8   9  10  11
        ____________________________________________
     1   1
     2   1   1
     3   0   0   0
     4   0   0   0  21
     5   0   0   0  13   6
     6   0   0   0   1   2   0
     7   0   0   1   6   0   0   1
     8   0   0   0   6   2   0   1   0
     9   0   0   0   2   1   0   0   1   0
    10   0   0   0   0   0   0   0   0   0   3
    11   0   0   0   0   0   0   0   0   0   0   1

    Genotypes  Obs.      Expected
     1 , 1      1        0.0213
     2 , 1      1        0.0638
     2 , 2      1        0.0213
     3 , 1      0        0.0213
     3 , 2      0        0.0213
     3 , 3      0        0.0000
     4 , 1      0        1.4894
     4 , 2      0        1.4894
     4 , 3      0        0.4965
     4 , 4      21      17.1277
     5 , 1      0        0.6383
     5 , 2      0        0.6383
     5 , 3      0        0.2128
     5 , 4      13      14.8936
     5 , 5      6        3.0851
     6 , 1      0        0.0638
     6 , 2      0        0.0638
     6 , 3      0        0.0213
     6 , 4      1        1.4894
     6 , 5      2        0.6383
     6 , 6      0        0.0213
     7 , 1      0        0.2128
     7 , 2      0        0.2128
     7 , 3      1        0.0709
     7 , 4      6        4.9645
     7 , 5      0        2.1277
     7 , 6      0        0.2128
     7 , 7      1        0.3191
     8 , 1      0        0.2128
     8 , 2      0        0.2128
     8 , 3      0        0.0709
     8 , 4      6        4.9645
     8 , 5      2        2.1277
     8 , 6      0        0.2128
     8 , 7      1        0.7092
     8 , 8      0        0.3191
     9 , 1      0        0.0851
     9 , 2      0        0.0851
     9 , 3      0        0.0284
     9 , 4      2        1.9858
     9 , 5      1        0.8511
     9 , 6      0        0.0851
     9 , 7      0        0.2837
     9 , 8      1        0.2837
     9 , 9      0        0.0426
    10 , 1      0        0.1277
    10 , 2      0        0.1277
    10 , 3      0        0.0426
    10 , 4      0        2.9787
    10 , 5      0        1.2766
    10 , 6      0        0.1277
    10 , 7      0        0.4255
    10 , 8      0        0.4255
    10 , 9      0        0.1702
    10 , 10     3        0.1064
    11 , 1      0        0.0426
    11 , 2      0        0.0426
    11 , 3      0        0.0142
    11 , 4      0        0.9929
    11 , 5      0        0.4255
    11 , 6      0        0.0426
    11 , 7      0        0.1418
    11 , 8      0        0.1418
    11 , 9      0        0.0567
    11 , 10     0        0.0851
    11 , 11     1        0.0071


    Expected number of homozygotes  : 21.0709
    Observed number of homozygotes  : 34
    Expected number of heterozygotes: 49.9291
    Observed number of heterozygotes: 37



    Allele frequencies and Fis:
    -------------------------------------------------------
                                           Fis
                                           ----------------
    Allele     Sample count     Frequency   W&C      R&H
     1             3              0.0211    0.6635
     2             3              0.0211    0.6635
     3             1              0.0070    0.0000
     4             70             0.4930    0.2179
     5             30             0.2113    0.2460
     6             3              0.0211   -0.0145
     7             10             0.0704    0.1463
     8             10             0.0704   -0.0687
     9             4              0.0282   -0.0219
     10            6              0.0423    1.0000
     11            2              0.0141    1.0000
    Tot            142                      0.2603   0.3630
    -------------------------------------------------------

 Pop: Pop1   Locus: LIST2001
-----------------------------------------

     Genotypic matrix:
         1   2   3   4   5   6   7   8   9  10  11  12  13  14  15  16  17  18
        ________________________________________________________________________
     1   0
     2   0   0
     3   0   0   0
     4   0   0   0   0
     5   0   0   1   0   3
     6   0   0   0   0   1   0
     7   0   0   2   0   3   0   1
     8   0   0   2   2   3   1   1   4
     9   0   0   1   1   2   0   4   2   0
    10   0   0   2   0   1   0   0   6   1   5
    11   0   0   2   0   0   0   0   2   2   3   1
    12   0   0   0   0   0   0   0   0   0   0   0   1
    13   0   1   0   0   1   0   1   0   0   1   0   0   0
    14   1   0   1   1   0   0   2   1   2   1   1   0   0   1
    15   0   0   0   1   1   0   1   2   2   0   1   0   0   1   0
    16   0   0   0   0   0   0   0   2   2   1   0   1   0   0   0   0
    17   0   0   0   0   1   0   0   0   0   0   0   0   0   0   0   0   0
    18   0   0   0   0   0   0   0   1   0   0   0   0   0   0   0   0   0   0

    Genotypes  Obs.      Expected
     1 , 1      0        0.0000
     2 , 1      0        0.0055
     2 , 2      0        0.0000
     3 , 1      0        0.0601
     3 , 2      0        0.0601
     3 , 3      0        0.3005
     4 , 1      0        0.0273
     4 , 2      0        0.0273
     4 , 3      0        0.3005
     4 , 4      0        0.0546
     5 , 1      0        0.1093
     5 , 2      0        0.1093
     5 , 3      1        1.2022
     5 , 4      0        0.5464
     5 , 5      3        1.0383
     6 , 1      0        0.0109
     6 , 2      0        0.0109
     6 , 3      0        0.1202
     6 , 4      0        0.0546
     6 , 5      1        0.2186
     6 , 6      0        0.0055
     7 , 1      0        0.0874
     7 , 2      0        0.0874
     7 , 3      2        0.9617
     7 , 4      0        0.4372
     7 , 5      3        1.7486
     7 , 6      0        0.1749
     7 , 7      1        0.6557
     8 , 1      0        0.1803
     8 , 2      0        0.1803
     8 , 3      2        1.9836
     8 , 4      2        0.9016
     8 , 5      3        3.6066
     8 , 6      1        0.3607
     8 , 7      1        2.8852
     8 , 8      4        2.8852
     9 , 1      0        0.1038
     9 , 2      0        0.1038
     9 , 3      1        1.1421
     9 , 4      1        0.5191
     9 , 5      2        2.0765
     9 , 6      0        0.2077
     9 , 7      4        1.6612
     9 , 8      2        3.4262
     9 , 9      0        0.9344
    10 , 1      0        0.1421
    10 , 2      0        0.1421
    10 , 3      2        1.5628
    10 , 4      0        0.7104
    10 , 5      1        2.8415
    10 , 6      0        0.2842
    10 , 7      0        2.2732
    10 , 8      6        4.6885
    10 , 9      1        2.6995
    10 , 10     5        1.7760
    11 , 1      0        0.0710
    11 , 2      0        0.0710
    11 , 3      2        0.7814
    11 , 4      0        0.3552
    11 , 5      0        1.4208
    11 , 6      0        0.1421
    11 , 7      0        1.1366
    11 , 8      2        2.3443
    11 , 9      2        1.3497
    11 , 10     3        1.8470
    11 , 11     1        0.4262
    12 , 1      0        0.0164
    12 , 2      0        0.0164
    12 , 3      0        0.1803
    12 , 4      0        0.0820
    12 , 5      0        0.3279
    12 , 6      0        0.0328
    12 , 7      0        0.2623
    12 , 8      0        0.5410
    12 , 9      0        0.3115
    12 , 10     0        0.4262
    12 , 11     0        0.2131
    12 , 12     1        0.0164
    13 , 1      0        0.0219
    13 , 2      1        0.0219
    13 , 3      0        0.2404
    13 , 4      0        0.1093
    13 , 5      1        0.4372
    13 , 6      0        0.0437
    13 , 7      1        0.3497
    13 , 8      0        0.7213
    13 , 9      0        0.4153
    13 , 10     1        0.5683
    13 , 11     0        0.2842
    13 , 12     0        0.0656
    13 , 13     0        0.0328
    14 , 1      1        0.0710
    14 , 2      0        0.0710
    14 , 3      1        0.7814
    14 , 4      1        0.3552
    14 , 5      0        1.4208
    14 , 6      0        0.1421
    14 , 7      2        1.1366
    14 , 8      1        2.3443
    14 , 9      2        1.3497
    14 , 10     1        1.8470
    14 , 11     1        0.9235
    14 , 12     0        0.2131
    14 , 13     0        0.2842
    14 , 14     1        0.4262
    15 , 1      0        0.0492
    15 , 2      0        0.0492
    15 , 3      0        0.5410
    15 , 4      1        0.2459
    15 , 5      1        0.9836
    15 , 6      0        0.0984
    15 , 7      1        0.7869
    15 , 8      2        1.6230
    15 , 9      2        0.9344
    15 , 10     0        1.2787
    15 , 11     1        0.6393
    15 , 12     0        0.1475
    15 , 13     0        0.1967
    15 , 14     1        0.6393
    15 , 15     0        0.1967
    16 , 1      0        0.0328
    16 , 2      0        0.0328
    16 , 3      0        0.3607
    16 , 4      0        0.1639
    16 , 5      0        0.6557
    16 , 6      0        0.0656
    16 , 7      0        0.5246
    16 , 8      2        1.0820
    16 , 9      2        0.6230
    16 , 10     1        0.8525
    16 , 11     0        0.4262
    16 , 12     1        0.0984
    16 , 13     0        0.1311
    16 , 14     0        0.4262
    16 , 15     0        0.2951
    16 , 16     0        0.0820
    17 , 1      0        0.0055
    17 , 2      0        0.0055
    17 , 3      0        0.0601
    17 , 4      0        0.0273
    17 , 5      1        0.1093
    17 , 6      0        0.0109
    17 , 7      0        0.0874
    17 , 8      0        0.1803
    17 , 9      0        0.1038
    17 , 10     0        0.1421
    17 , 11     0        0.0710
    17 , 12     0        0.0164
    17 , 13     0        0.0219
    17 , 14     0        0.0710
    17 , 15     0        0.0492
    17 , 16     0        0.0328
    17 , 17     0        0.0000
    18 , 1      0        0.0055
    18 , 2      0        0.0055
    18 , 3      0        0.0601
    18 , 4      0        0.0273
    18 , 5      0        0.1093
    18 , 6      0        0.0109
    18 , 7      0        0.0874
    18 , 8      1        0.1803
    18 , 9      0        0.1038
    18 , 10     0        0.1421
    18 , 11     0        0.0710
    18 , 12     0        0.0164
    18 , 13     0        0.0219
    18 , 14     0        0.0710
    18 , 15     0        0.0492
    18 , 16     0        0.0328
    18 , 17     0        0.0055
    18 , 18     0        0.0000


    Expected number of homozygotes  : 8.8306
    Observed number of homozygotes  : 16
    Expected number of heterozygotes: 83.1694
    Observed number of heterozygotes: 76



    Allele frequencies and Fis:
    -------------------------------------------------------
                                           Fis
                                           ----------------
    Allele     Sample count     Frequency   W&C      R&H
     1             1              0.0054    0.0000
     2             1              0.0054    0.0000
     3             11             0.0598   -0.0581
     4             5              0.0272   -0.0225
     5             20             0.1087    0.2198
     6             2              0.0109   -0.0055
     7             16             0.0870    0.0471
     8             33             0.1793    0.0823
     9             19             0.1033   -0.1098
     10            26             0.1413    0.2884
     11            13             0.0707    0.0949
     12            3              0.0163    0.6642
     13            4              0.0217   -0.0168
     14            13             0.0707    0.0949
     15            9              0.0489   -0.0460
     16            6              0.0326   -0.0282
     17            1              0.0054    0.0000
     18            1              0.0054    0.0000
    Tot            184                      0.0866   0.0662
    -------------------------------------------------------

 Pop: Pop1   Locus: LIST2011
-----------------------------------------

     Genotypic matrix:
         1   2   3   4   5   6
        ________________________
     1   1
     2   0   1
     3   0   0   0
     4   0  17   0  45
     5   0   0   1   0   1
     6   0   0   0   3   0   0

    Genotypes  Obs.      Expected
     1 , 1      1        0.0073
     2 , 1      0        0.2774
     2 , 2      1        1.2482
     3 , 1      0        0.0146
     3 , 2      0        0.1387
     3 , 3      0        0.0000
     4 , 1      0        1.6058
     4 , 2      17      15.2555
     4 , 3      0        0.8029
     4 , 4      45      43.7591
     5 , 1      0        0.0438
     5 , 2      0        0.4161
     5 , 3      1        0.0219
     5 , 4      0        2.4088
     5 , 5      1        0.0219
     6 , 1      0        0.0438
     6 , 2      0        0.4161
     6 , 3      0        0.0219
     6 , 4      3        2.4088
     6 , 5      0        0.0657
     6 , 6      0        0.0219


    Expected number of homozygotes  : 45.0584
    Observed number of homozygotes  : 48
    Expected number of heterozygotes: 23.9416
    Observed number of heterozygotes: 21



    Allele frequencies and Fis:
    -------------------------------------------------------
                                           Fis
                                           ----------------
    Allele     Sample count     Frequency   W&C      R&H
     1             2              0.0145    1.0000
     2             19             0.1377   -0.0303
     3             1              0.0072    0.0000
     4             110            0.7971    0.1111
     5             3              0.0217    0.6634
     6             3              0.0217   -0.0149
    Tot            138                      0.1237   0.3277
    -------------------------------------------------------

 Pop: Pop1   Locus: VMA6
-----------------------------------------

     Genotypic matrix:
         1   2   3   4   5   6   7   8   9  10  11  12  13  14
        ________________________________________________________
     1   0
     2   0   0
     3   0   1   1
     4   0   1   1   1
     5   1   1   0   0   0
     6   0   0   0   0   0   3
     7   2   0   1   2   1   6   5
     8   0   4   0   1   3   5   1   5
     9   0   0   0   2   1   3   3   0   0
    10   0   0   0   0   0   7   3   6   1   3
    11   1   0   0   0   0   1   0   2   0   0   0
    12   0   0   1   0   0   0   0   0   0   0   0   0
    13   0   0   0   0   0   0   0   1   0   0   0   0   0
    14   0   0   0   0   0   1   0   0   0   1   0   0   0   0

    Genotypes  Obs.      Expected
     1 , 1      0        0.0364
     2 , 1      0        0.1697
     2 , 2      0        0.1273
     3 , 1      0        0.1455
     3 , 2      1        0.2545
     3 , 3      1        0.0909
     4 , 1      0        0.2182
     4 , 2      1        0.3818
     4 , 3      1        0.3273
     4 , 4      1        0.2182
     5 , 1      1        0.1697
     5 , 2      1        0.2970
     5 , 3      0        0.2545
     5 , 4      0        0.3818
     5 , 5      0        0.1273
     6 , 1      0        0.7030
     6 , 2      0        1.2303
     6 , 3      0        1.0545
     6 , 4      0        1.5818
     6 , 5      0        1.2303
     6 , 6      3        2.4606
     7 , 1      2        0.7030
     7 , 2      0        1.2303
     7 , 3      1        1.0545
     7 , 4      2        1.5818
     7 , 5      1        1.2303
     7 , 6      6        5.0970
     7 , 7      5        2.4606
     8 , 1      0        0.8000
     8 , 2      4        1.4000
     8 , 3      0        1.2000
     8 , 4      1        1.8000
     8 , 5      3        1.4000
     8 , 6      5        5.8000
     8 , 7      1        5.8000
     8 , 8      5        3.2000
     9 , 1      0        0.2424
     9 , 2      0        0.4242
     9 , 3      0        0.3636
     9 , 4      2        0.5455
     9 , 5      1        0.4242
     9 , 6      3        1.7576
     9 , 7      3        1.7576
     9 , 8      0        2.0000
     9 , 9      0        0.2727
    10 , 1      0        0.5818
    10 , 2      0        1.0182
    10 , 3      0        0.8727
    10 , 4      0        1.3091
    10 , 5      0        1.0182
    10 , 6      7        4.2182
    10 , 7      3        4.2182
    10 , 8      6        4.8000
    10 , 9      1        1.4545
    10 , 10     3        1.6727
    11 , 1      1        0.0970
    11 , 2      0        0.1697
    11 , 3      0        0.1455
    11 , 4      0        0.2182
    11 , 5      0        0.1697
    11 , 6      1        0.7030
    11 , 7      0        0.7030
    11 , 8      2        0.8000
    11 , 9      0        0.2424
    11 , 10     0        0.5818
    11 , 11     0        0.0364
    12 , 1      0        0.0242
    12 , 2      0        0.0424
    12 , 3      1        0.0364
    12 , 4      0        0.0545
    12 , 5      0        0.0424
    12 , 6      0        0.1758
    12 , 7      0        0.1758
    12 , 8      0        0.2000
    12 , 9      0        0.0606
    12 , 10     0        0.1455
    12 , 11     0        0.0242
    12 , 12     0        0.0000
    13 , 1      0        0.0242
    13 , 2      0        0.0424
    13 , 3      0        0.0364
    13 , 4      0        0.0545
    13 , 5      0        0.0424
    13 , 6      0        0.1758
    13 , 7      0        0.1758
    13 , 8      1        0.2000
    13 , 9      0        0.0606
    13 , 10     0        0.1455
    13 , 11     0        0.0242
    13 , 12     0        0.0061
    13 , 13     0        0.0000
    14 , 1      0        0.0485
    14 , 2      0        0.0848
    14 , 3      0        0.0727
    14 , 4      0        0.1091
    14 , 5      0        0.0848
    14 , 6      1        0.3515
    14 , 7      0        0.3515
    14 , 8      0        0.4000
    14 , 9      0        0.1212
    14 , 10     1        0.2909
    14 , 11     0        0.0485
    14 , 12     0        0.0121
    14 , 13     0        0.0121
    14 , 14     0        0.0061


    Expected number of homozygotes  : 10.7091
    Observed number of homozygotes  : 18
    Expected number of heterozygotes: 72.2909
    Observed number of heterozygotes: 65



    Allele frequencies and Fis:
    -------------------------------------------------------
                                           Fis
                                           ----------------
    Allele     Sample count     Frequency   W&C      R&H
     1             4              0.0241   -0.0186
     2             7              0.0422   -0.0380
     3             6              0.0361    0.3138
     4             9              0.0542    0.1835
     5             7              0.0422   -0.0380
     6             29             0.1747    0.0451
     7             29             0.1747    0.2119
     8             33             0.1988    0.1361
     9             10             0.0602   -0.0581
     10            24             0.1446    0.1292
     11            4              0.0241   -0.0186
     12            1              0.0060    0.0000
     13            1              0.0060    0.0000
     14            2              0.0120   -0.0061
    Tot            166                      0.1014   0.0572
    -------------------------------------------------------

 Pop: Pop1   Locus: R1.169
-----------------------------------------

     Genotypic matrix:
         1   2   3   4   5   6   7   8   9  10  11  12  13  14  15  16  17  18
        ________________________________________________________________________
     1   1
     2   0  26
     3   0   8   1
     4   0   2   0   0
     5   0   3   0   0   0
     6   0   8   2   0   0   0
     7   0   0   1   0   0   0   0
     8   0   2   0   0   0   0   0   1
     9   0   3   0   0   0   1   0   0   1
    10   0   4   4   0   0   0   0   0   1   2
    11   0   2   3   0   0   1   1   0   0   2   1
    12   0   2   0   0   0   0   0   0   0   1   0   0
    13   0   3   0   0   0   0   0   0   0   1   0   0   0
    14   0   2   0   0   0   0   0   0   0   0   0   0   0   0
    15   0   1   0   0   0   1   0   0   0   0   0   0   0   0   0
    16   0   0   0   0   0   0   0   0   0   0   0   0   1   0   0   0
    17   0   0   0   0   0   0   0   0   0   0   0   1   0   0   0   1   0
    18   0   0   0   0   0   0   0   0   0   0   0   0   0   0   0   0   1   0

    Genotypes  Obs.      Expected
     1 , 1      1        0.0052
     2 , 1      0        0.9634
     2 , 2      26      21.9162
     3 , 1      0        0.2094
     3 , 2      8        9.6335
     3 , 3      1        0.9948
     4 , 1      0        0.0209
     4 , 2      2        0.9634
     4 , 3      0        0.2094
     4 , 4      0        0.0052
     5 , 1      0        0.0314
     5 , 2      3        1.4450
     5 , 3      0        0.3141
     5 , 4      0        0.0314
     5 , 5      0        0.0157
     6 , 1      0        0.1361
     6 , 2      8        6.2618
     6 , 3      2        1.3613
     6 , 4      0        0.1361
     6 , 5      0        0.2042
     6 , 6      0        0.4084
     7 , 1      0        0.0209
     7 , 2      0        0.9634
     7 , 3      1        0.2094
     7 , 4      0        0.0209
     7 , 5      0        0.0314
     7 , 6      0        0.1361
     7 , 7      0        0.0052
     8 , 1      0        0.0419
     8 , 2      2        1.9267
     8 , 3      0        0.4188
     8 , 4      0        0.0419
     8 , 5      0        0.0628
     8 , 6      0        0.2723
     8 , 7      0        0.0419
     8 , 8      1        0.0314
     9 , 1      0        0.0733
     9 , 2      3        3.3717
     9 , 3      0        0.7330
     9 , 4      0        0.0733
     9 , 5      0        0.1099
     9 , 6      1        0.4764
     9 , 7      0        0.0733
     9 , 8      0        0.1466
     9 , 9      1        0.1099
    10 , 1      0        0.1780
    10 , 2      4        8.1885
    10 , 3      4        1.7801
    10 , 4      0        0.1780
    10 , 5      0        0.2670
    10 , 6      0        1.1571
    10 , 7      0        0.1780
    10 , 8      0        0.3560
    10 , 9      1        0.6230
    10 , 10     2        0.7120
    11 , 1      0        0.1152
    11 , 2      2        5.2984
    11 , 3      3        1.1518
    11 , 4      0        0.1152
    11 , 5      0        0.1728
    11 , 6      1        0.7487
    11 , 7      1        0.1152
    11 , 8      0        0.2304
    11 , 9      0        0.4031
    11 , 10     2        0.9791
    11 , 11     1        0.2880
    12 , 1      0        0.0419
    12 , 2      2        1.9267
    12 , 3      0        0.4188
    12 , 4      0        0.0419
    12 , 5      0        0.0628
    12 , 6      0        0.2723
    12 , 7      0        0.0419
    12 , 8      0        0.0838
    12 , 9      0        0.1466
    12 , 10     1        0.3560
    12 , 11     0        0.2304
    12 , 12     0        0.0314
    13 , 1      0        0.0524
    13 , 2      3        2.4084
    13 , 3      0        0.5236
    13 , 4      0        0.0524
    13 , 5      0        0.0785
    13 , 6      0        0.3403
    13 , 7      0        0.0524
    13 , 8      0        0.1047
    13 , 9      0        0.1832
    13 , 10     1        0.4450
    13 , 11     0        0.2880
    13 , 12     0        0.1047
    13 , 13     0        0.0524
    14 , 1      0        0.0209
    14 , 2      2        0.9634
    14 , 3      0        0.2094
    14 , 4      0        0.0209
    14 , 5      0        0.0314
    14 , 6      0        0.1361
    14 , 7      0        0.0209
    14 , 8      0        0.0419
    14 , 9      0        0.0733
    14 , 10     0        0.1780
    14 , 11     0        0.1152
    14 , 12     0        0.0419
    14 , 13     0        0.0524
    14 , 14     0        0.0052
    15 , 1      0        0.0209
    15 , 2      1        0.9634
    15 , 3      0        0.2094
    15 , 4      0        0.0209
    15 , 5      0        0.0314
    15 , 6      1        0.1361
    15 , 7      0        0.0209
    15 , 8      0        0.0419
    15 , 9      0        0.0733
    15 , 10     0        0.1780
    15 , 11     0        0.1152
    15 , 12     0        0.0419
    15 , 13     0        0.0524
    15 , 14     0        0.0209
    15 , 15     0        0.0052
    16 , 1      0        0.0209
    16 , 2      0        0.9634
    16 , 3      0        0.2094
    16 , 4      0        0.0209
    16 , 5      0        0.0314
    16 , 6      0        0.1361
    16 , 7      0        0.0209
    16 , 8      0        0.0419
    16 , 9      0        0.0733
    16 , 10     0        0.1780
    16 , 11     0        0.1152
    16 , 12     0        0.0419
    16 , 13     1        0.0524
    16 , 14     0        0.0209
    16 , 15     0        0.0209
    16 , 16     0        0.0052
    17 , 1      0        0.0314
    17 , 2      0        1.4450
    17 , 3      0        0.3141
    17 , 4      0        0.0314
    17 , 5      0        0.0471
    17 , 6      0        0.2042
    17 , 7      0        0.0314
    17 , 8      0        0.0628
    17 , 9      0        0.1099
    17 , 10     0        0.2670
    17 , 11     0        0.1728
    17 , 12     1        0.0628
    17 , 13     0        0.0785
    17 , 14     0        0.0314
    17 , 15     0        0.0314
    17 , 16     1        0.0314
    17 , 17     0        0.0157
    18 , 1      0        0.0105
    18 , 2      0        0.4817
    18 , 3      0        0.1047
    18 , 4      0        0.0105
    18 , 5      0        0.0157
    18 , 6      0        0.0681
    18 , 7      0        0.0105
    18 , 8      0        0.0209
    18 , 9      0        0.0366
    18 , 10     0        0.0890
    18 , 11     0        0.0576
    18 , 12     0        0.0209
    18 , 13     0        0.0262
    18 , 14     0        0.0105
    18 , 15     0        0.0105
    18 , 16     0        0.0105
    18 , 17     1        0.0157
    18 , 18     0        0.0000


    Expected number of homozygotes  : 24.6073
    Observed number of homozygotes  : 33
    Expected number of heterozygotes: 71.3927
    Observed number of heterozygotes: 63



    Allele frequencies and Fis:
    -------------------------------------------------------
                                           Fis
                                           ----------------
    Allele     Sample count     Frequency   W&C      R&H
     1             2              0.0104    1.0000
     2             92             0.4792    0.1703
     3             20             0.1042    0.0006
     4             2              0.0104   -0.0053
     5             3              0.0156   -0.0106
     6             13             0.0677   -0.0674
     7             2              0.0104   -0.0053
     8             4              0.0208    0.4933
     9             7              0.0365    0.2636
     10            17             0.0885    0.1661
     11            11             0.0573    0.1372
     12            4              0.0208   -0.0160
     13            5              0.0260   -0.0215
     14            2              0.0104   -0.0053
     15            2              0.0104   -0.0053
     16            2              0.0104   -0.0053
     17            3              0.0156   -0.0106
     18            1              0.0052    0.0000
    Tot            192                      0.1181   0.1157
    -------------------------------------------------------

 Pop: Pop1   Locus: LIST2017
-----------------------------------------

     Genotypic matrix:
         1   2   3   4   5   6   7   8   9
        ____________________________________
     1   0
     2   0   1
     3   0   0   0
     4   0   0   0   1
     5   1   2   3   0  76
     6   0   0   0   0   7   1
     7   0   1   0   0   0   0   0
     8   0   2   0   0   0   0   0   0
     9   0   0   0   0   0   0   0   0   1

    Genotypes  Obs.      Expected
     1 , 1      0        0.0000
     2 , 1      0        0.0366
     2 , 2      1        0.1099
     3 , 1      0        0.0157
     3 , 2      0        0.1099
     3 , 3      0        0.0157
     4 , 1      0        0.0105
     4 , 2      0        0.0733
     4 , 3      0        0.0314
     4 , 4      1        0.0052
     5 , 1      1        0.8639
     5 , 2      2        6.0471
     5 , 3      3        2.5916
     5 , 4      0        1.7277
     5 , 5      76      70.8377
     6 , 1      0        0.0471
     6 , 2      0        0.3298
     6 , 3      0        0.1414
     6 , 4      0        0.0942
     6 , 5      7        7.7749
     6 , 6      1        0.1885
     7 , 1      0        0.0052
     7 , 2      1        0.0366
     7 , 3      0        0.0157
     7 , 4      0        0.0105
     7 , 5      0        0.8639
     7 , 6      0        0.0471
     7 , 7      0        0.0000
     8 , 1      0        0.0105
     8 , 2      2        0.0733
     8 , 3      0        0.0314
     8 , 4      0        0.0209
     8 , 5      0        1.7277
     8 , 6      0        0.0942
     8 , 7      0        0.0105
     8 , 8      0        0.0052
     9 , 1      0        0.0105
     9 , 2      0        0.0733
     9 , 3      0        0.0314
     9 , 4      0        0.0209
     9 , 5      0        1.7277
     9 , 6      0        0.0942
     9 , 7      0        0.0105
     9 , 8      0        0.0209
     9 , 9      1        0.0052


    Expected number of homozygotes  : 71.1675
    Observed number of homozygotes  : 80
    Expected number of heterozygotes: 24.8325
    Observed number of heterozygotes: 16



    Allele frequencies and Fis:
    -------------------------------------------------------
                                           Fis
                                           ----------------
    Allele     Sample count     Frequency   W&C      R&H
     1             1              0.0052    0.0000
     2             7              0.0365    0.2636
     3             3              0.0156   -0.0106
     4             2              0.0104    1.0000
     5             165            0.8594    0.4439
     6             9              0.0469    0.1890
     7             1              0.0052    0.0000
     8             2              0.0104   -0.0053
     9             2              0.0104    1.0000
    Tot            192                      0.3569   0.3105
    -------------------------------------------------------

 Pop: Pop1   Locus: Rufa19
-----------------------------------------

     Genotypic matrix:
         1   2   3   4   5   6   7   8   9  10  11  12
        ________________________________________________
     1   0
     2   0   0
     3   1   1   1
     4   0   1   1   0
     5   0   0   0   0   0
     6   0   0   0   0   0   1
     7   0   0   0   0   2   0   0
     8   0   0   0   0   0   1   0   1
     9   0   0   0   0   1   4  12   6  14
    10   0   0   0   0   2   2   5   3  13   1
    11   0   0   0   0   0   1   1   1   6   2   0
    12   0   0   0   0   0   0   1   0   1   1   0   0

    Genotypes  Obs.      Expected
     1 , 1      0        0.0000
     2 , 1      0        0.0116
     2 , 2      0        0.0058
     3 , 1      1        0.0289
     3 , 2      1        0.0578
     3 , 3      1        0.0578
     4 , 1      0        0.0116
     4 , 2      1        0.0231
     4 , 3      1        0.0578
     4 , 4      0        0.0058
     5 , 1      0        0.0289
     5 , 2      0        0.0578
     5 , 3      0        0.1445
     5 , 4      0        0.0578
     5 , 5      0        0.0578
     6 , 1      0        0.0578
     6 , 2      0        0.1156
     6 , 3      0        0.2890
     6 , 4      0        0.1156
     6 , 5      0        0.2890
     6 , 6      1        0.2601
     7 , 1      0        0.1214
     7 , 2      0        0.2428
     7 , 3      0        0.6069
     7 , 4      0        0.2428
     7 , 5      2        0.6069
     7 , 6      0        1.2139
     7 , 7      0        1.2139
     8 , 1      0        0.0751
     8 , 2      0        0.1503
     8 , 3      0        0.3757
     8 , 4      0        0.1503
     8 , 5      0        0.3757
     8 , 6      1        0.7514
     8 , 7      0        1.5780
     8 , 8      1        0.4509
     9 , 1      0        0.4104
     9 , 2      0        0.8208
     9 , 3      0        2.0520
     9 , 4      0        0.8208
     9 , 5      1        2.0520
     9 , 6      4        4.1040
     9 , 7      12       8.6185
     9 , 8      6        5.3353
     9 , 9      14      14.3642
    10 , 1      0        0.1734
    10 , 2      0        0.3468
    10 , 3      0        0.8671
    10 , 4      0        0.3468
    10 , 5      2        0.8671
    10 , 6      2        1.7341
    10 , 7      5        3.6416
    10 , 8      3        2.2543
    10 , 9      13      12.3121
    10 , 10     1        2.5145
    11 , 1      0        0.0636
    11 , 2      0        0.1272
    11 , 3      0        0.3179
    11 , 4      0        0.1272
    11 , 5      0        0.3179
    11 , 6      1        0.6358
    11 , 7      1        1.3353
    11 , 8      1        0.8266
    11 , 9      6        4.5145
    11 , 10     2        1.9075
    11 , 11     0        0.3179
    12 , 1      0        0.0173
    12 , 2      0        0.0347
    12 , 3      0        0.0867
    12 , 4      0        0.0347
    12 , 5      0        0.0867
    12 , 6      0        0.1734
    12 , 7      1        0.3642
    12 , 8      0        0.2254
    12 , 9      1        1.2312
    12 , 10     1        0.5202
    12 , 11     0        0.1908
    12 , 12     0        0.0173


    Expected number of homozygotes  : 19.2659
    Observed number of homozygotes  : 18
    Expected number of heterozygotes: 67.7341
    Observed number of heterozygotes: 69



    Allele frequencies and Fis:
    -------------------------------------------------------
                                           Fis
                                           ----------------
    Allele     Sample count     Frequency   W&C      R&H
     1             1              0.0057    0.0000
     2             2              0.0115   -0.0058
     3             5              0.0287    0.3872
     4             2              0.0115   -0.0058
     5             5              0.0287   -0.0238
     6             10             0.0575    0.1569
     7             21             0.1207   -0.1316
     8             13             0.0747    0.0913
     9             71             0.4080   -0.0173
     10            30             0.1724   -0.1221
     11            11             0.0632   -0.0617
     12            3              0.0172   -0.0118
    Tot            174                     -0.0188   0.0255
    -------------------------------------------------------

Tables of allelic frequencies for each locus:

 Locus: LIST2007
------------------
   Pop     Alleles                             Genes
           ----------------------------------- -----
           1     2     3     4     5     6     
Pop1       0.098 0.098 0.742 0.005 0.052 0.005 194   

 Locus: LIST2003
------------------
   Pop     Alleles                                                                                                     Genes
           ----------------------------------------------------------------------------------------------------------- -----
           1     2     3     4     5     6     7     8     9     10    11    12    13    14    15    16    17    18    
Pop1       0.057 0.026 0.010 0.349 0.057 0.229 0.031 0.078 0.010 0.057 0.016 0.005 0.010 0.005 0.010 0.005 0.016 0.026 192   

 Locus: LIST2013
------------------
   Pop     Alleles                                                     Genes
           ----------------------------------------------------------- -----
           1     2     3     4     5     6     7     8     9     10    
Pop1       0.006 0.006 0.017 0.006 0.318 0.188 0.318 0.131 0.006 0.006 176   

 Locus: LIST2018
------------------
   Pop     Alleles                                                                             Genes
           ----------------------------------------------------------------------------------- -----
           1     2     3     4     5     6     7     8     9     10    11    12    13    14    
Pop1       0.021 0.085 0.144 0.069 0.101 0.101 0.191 0.181 0.053 0.016 0.011 0.005 0.016 0.005 188   

 Locus: VMA3
------------------
   Pop     Alleles                                               Genes
           ----------------------------------------------------- -----
           1     2     3     4     5     6     7     8     9     
Pop1       0.011 0.022 0.294 0.506 0.044 0.006 0.011 0.056 0.050 180   

 Locus: LIST2004
------------------
   Pop     Alleles                                                           Genes
           ----------------------------------------------------------------- -----
           1     2     3     4     5     6     7     8     9     10    11    
Pop1       0.021 0.021 0.007 0.493 0.211 0.021 0.070 0.070 0.028 0.042 0.014 142   

 Locus: LIST2001
------------------
   Pop     Alleles                                                                                                     Genes
           ----------------------------------------------------------------------------------------------------------- -----
           1     2     3     4     5     6     7     8     9     10    11    12    13    14    15    16    17    18    
Pop1       0.005 0.005 0.060 0.027 0.109 0.011 0.087 0.179 0.103 0.141 0.071 0.016 0.022 0.071 0.049 0.033 0.005 0.005 184   

 Locus: LIST2011
------------------
   Pop     Alleles                             Genes
           ----------------------------------- -----
           1     2     3     4     5     6     
Pop1       0.014 0.138 0.007 0.797 0.022 0.022 138   

 Locus: VMA6
------------------
   Pop     Alleles                                                                             Genes
           ----------------------------------------------------------------------------------- -----
           1     2     3     4     5     6     7     8     9     10    11    12    13    14    
Pop1       0.024 0.042 0.036 0.054 0.042 0.175 0.175 0.199 0.060 0.145 0.024 0.006 0.006 0.012 166   

 Locus: R1.169
------------------
   Pop     Alleles                                                                                                     Genes
           ----------------------------------------------------------------------------------------------------------- -----
           1     2     3     4     5     6     7     8     9     10    11    12    13    14    15    16    17    18    
Pop1       0.010 0.479 0.104 0.010 0.016 0.068 0.010 0.021 0.036 0.089 0.057 0.021 0.026 0.010 0.010 0.010 0.016 0.005 192   

 Locus: LIST2017
------------------
   Pop     Alleles                                               Genes
           ----------------------------------------------------- -----
           1     2     3     4     5     6     7     8     9     
Pop1       0.005 0.036 0.016 0.010 0.859 0.047 0.005 0.010 0.010 192   

 Locus: Rufa19
------------------
   Pop     Alleles                                                                 Genes
           ----------------------------------------------------------------------- -----
           1     2     3     4     5     6     7     8     9     10    11    12    
Pop1       0.006 0.011 0.029 0.011 0.029 0.057 0.121 0.075 0.408 0.172 0.063 0.017 174   


Normal ending.
