Genepop 4.7.5, Basic data for each locus in each population

File: Data/09b_BWS_Data_50_NoSibs_2018_GenePop.txt (Title line:"")

Number of populations detected : 1
Number of loci detected        : 13

'Expected' numbers of homozygotes or heterozygotes
are computed using Levene's correction

Fis: computed as in Weir & Cockerham (1984);
also as in Robertson & Hill (1984).
=============================================
  Detailed analyses
=============================================

 Pop: Pop1   Locus: LIST2007
-----------------------------------------

     Genotypic matrix:
         1   2   3   4   5   6   7   8
        ________________________________
     1   0
     2   0   0
     3   0   0   7
     4   1   0   2   4
     5   0   3  34  24 102
     6   0   0   0   0   0   1
     7   0   0   0   0   1   0   1
     8   0   0   0   0   1   0   0   0

    Genotypes  Obs.      Expected
     1 , 1      0        0.0000
     2 , 1      0        0.0083
     2 , 2      0        0.0083
     3 , 1      0        0.1385
     3 , 2      0        0.4155
     3 , 3      7        3.3934
     4 , 1      1        0.0970
     4 , 2      0        0.2909
     4 , 3      2        4.8476
     4 , 4      4        1.6482
     5 , 1      0        0.7396
     5 , 2      3        2.2188
     5 , 3      34      36.9806
     5 , 4      24      25.8864
     5 , 5      102     98.3684
     6 , 1      0        0.0055
     6 , 2      0        0.0166
     6 , 3      0        0.2770
     6 , 4      0        0.1939
     6 , 5      0        1.4792
     6 , 6      1        0.0028
     7 , 1      0        0.0083
     7 , 2      0        0.0249
     7 , 3      0        0.4155
     7 , 4      0        0.2909
     7 , 5      1        2.2188
     7 , 6      0        0.0166
     7 , 7      1        0.0083
     8 , 1      0        0.0028
     8 , 2      0        0.0083
     8 , 3      0        0.1385
     8 , 4      0        0.0970
     8 , 5      1        0.7396
     8 , 6      0        0.0055
     8 , 7      0        0.0083
     8 , 8      0        0.0000


    Expected number of homozygotes  : 103.4294
    Observed number of homozygotes  : 115
    Expected number of heterozygotes: 77.5706
    Observed number of heterozygotes: 66



    Allele frequencies and Fis:
    -------------------------------------------------------
                                           Fis
                                           ----------------
    Allele     Sample count     Frequency   W&C      R&H
     1             1              0.0028    0.0000
     2             3              0.0083   -0.0056
     3             50             0.1381    0.1673
     4             35             0.0967    0.1487
     5             267            0.7376    0.1036
     6             2              0.0055    1.0000
     7             3              0.0083    0.6654
     8             1              0.0028    0.0000
    Tot            362                      0.1495   0.2806
    -------------------------------------------------------

 Pop: Pop1   Locus: LIST2003
-----------------------------------------

     Genotypic matrix:
         1   2   3   4   5   6   7   8   9  10  11  12  13  14  15  16  17
        ____________________________________________________________________
     1   0
     2   0   1
     3   3   2  25
     4   1   2   4   2
     5   1   2  22   1  13
     6   0   0   6   1   5   2
     7   0   0  11   5   6   0   4
     8   0   0   1   0   2   0   0   0
     9   1   0   9   1   4   1   1   0   0
    10   0   0   6   2   1   0   1   0   0   0
    11   0   0   2   0   1   1   0   0   0   0   0
    12   0   0   2   0   2   0   3   0   0   0   0   0
    13   0   0   0   0   0   0   1   0   0   0   0   0   0
    14   0   0   4   0   1   0   1   0   0   0   0   0   0   0
    15   0   0   5   0   2   0   0   0   0   0   0   0   0   0   0
    16   1   0   0   0   0   0   0   0   0   0   0   0   0   0   0   0
    17   0   1   0   0   0   0   0   0   0   0   0   0   0   0   0   0   0

    Genotypes  Obs.      Expected
     1 , 1      0        0.0598
     2 , 1      0        0.1795
     2 , 2      1        0.1026
     3 , 1      3        2.5328
     3 , 2      2        3.2564
     3 , 3      25      22.7949
     4 , 1      1        0.4188
     4 , 2      2        0.5385
     4 , 3      4        7.5983
     4 , 4      2        0.5983
     5 , 1      1        1.5157
     5 , 2      2        1.9487
     5 , 3      22      27.4986
     5 , 4      1        4.5470
     5 , 5      13       8.1197
     6 , 1      0        0.3590
     6 , 2      0        0.4615
     6 , 3      6        6.5128
     6 , 4      1        1.0769
     6 , 5      5        3.8974
     6 , 6      2        0.4359
     7 , 1      0        0.7379
     7 , 2      0        0.9487
     7 , 3      11      13.3875
     7 , 4      5        2.2137
     7 , 5      6        8.0114
     7 , 6      0        1.8974
     7 , 7      4        1.8974
     8 , 1      0        0.0598
     8 , 2      0        0.0769
     8 , 3      1        1.0855
     8 , 4      0        0.1795
     8 , 5      2        0.6496
     8 , 6      0        0.1538
     8 , 7      0        0.3162
     8 , 8      0        0.0085
     9 , 1      1        0.3390
     9 , 2      0        0.4359
     9 , 3      9        6.1510
     9 , 4      1        1.0171
     9 , 5      4        3.6809
     9 , 6      1        0.8718
     9 , 7      1        1.7920
     9 , 8      0        0.1453
     9 , 9      0        0.3875
    10 , 1      0        0.1994
    10 , 2      0        0.2564
    10 , 3      6        3.6182
    10 , 4      2        0.5983
    10 , 5      1        2.1652
    10 , 6      0        0.5128
    10 , 7      1        1.0541
    10 , 8      0        0.0855
    10 , 9      0        0.4843
    10 , 10     0        0.1282
    11 , 1      0        0.0798
    11 , 2      0        0.1026
    11 , 3      2        1.4473
    11 , 4      0        0.2393
    11 , 5      1        0.8661
    11 , 6      1        0.2051
    11 , 7      0        0.4217
    11 , 8      0        0.0342
    11 , 9      0        0.1937
    11 , 10     0        0.1140
    11 , 11     0        0.0171
    12 , 1      0        0.1396
    12 , 2      0        0.1795
    12 , 3      2        2.5328
    12 , 4      0        0.4188
    12 , 5      2        1.5157
    12 , 6      0        0.3590
    12 , 7      3        0.7379
    12 , 8      0        0.0598
    12 , 9      0        0.3390
    12 , 10     0        0.1994
    12 , 11     0        0.0798
    12 , 12     0        0.0598
    13 , 1      0        0.0199
    13 , 2      0        0.0256
    13 , 3      0        0.3618
    13 , 4      0        0.0598
    13 , 5      0        0.2165
    13 , 6      0        0.0513
    13 , 7      1        0.1054
    13 , 8      0        0.0085
    13 , 9      0        0.0484
    13 , 10     0        0.0285
    13 , 11     0        0.0114
    13 , 12     0        0.0199
    13 , 13     0        0.0000
    14 , 1      0        0.1197
    14 , 2      0        0.1538
    14 , 3      4        2.1709
    14 , 4      0        0.3590
    14 , 5      1        1.2991
    14 , 6      0        0.3077
    14 , 7      1        0.6325
    14 , 8      0        0.0513
    14 , 9      0        0.2906
    14 , 10     0        0.1709
    14 , 11     0        0.0684
    14 , 12     0        0.1197
    14 , 13     0        0.0171
    14 , 14     0        0.0427
    15 , 1      0        0.1396
    15 , 2      0        0.1795
    15 , 3      5        2.5328
    15 , 4      0        0.4188
    15 , 5      2        1.5157
    15 , 6      0        0.3590
    15 , 7      0        0.7379
    15 , 8      0        0.0598
    15 , 9      0        0.3390
    15 , 10     0        0.1994
    15 , 11     0        0.0798
    15 , 12     0        0.1396
    15 , 13     0        0.0199
    15 , 14     0        0.1197
    15 , 15     0        0.0598
    16 , 1      1        0.0199
    16 , 2      0        0.0256
    16 , 3      0        0.3618
    16 , 4      0        0.0598
    16 , 5      0        0.2165
    16 , 6      0        0.0513
    16 , 7      0        0.1054
    16 , 8      0        0.0085
    16 , 9      0        0.0484
    16 , 10     0        0.0285
    16 , 11     0        0.0114
    16 , 12     0        0.0199
    16 , 13     0        0.0028
    16 , 14     0        0.0171
    16 , 15     0        0.0199
    16 , 16     0        0.0000
    17 , 1      0        0.0199
    17 , 2      1        0.0256
    17 , 3      0        0.3618
    17 , 4      0        0.0598
    17 , 5      0        0.2165
    17 , 6      0        0.0513
    17 , 7      0        0.1054
    17 , 8      0        0.0085
    17 , 9      0        0.0484
    17 , 10     0        0.0285
    17 , 11     0        0.0114
    17 , 12     0        0.0199
    17 , 13     0        0.0028
    17 , 14     0        0.0171
    17 , 15     0        0.0199
    17 , 16     0        0.0028
    17 , 17     0        0.0000


    Expected number of homozygotes  : 34.7123
    Observed number of homozygotes  : 47
    Expected number of heterozygotes: 141.2877
    Observed number of heterozygotes: 129



    Allele frequencies and Fis:
    -------------------------------------------------------
                                           Fis
                                           ----------------
    Allele     Sample count     Frequency   W&C      R&H
     1             7              0.0199   -0.0174
     2             9              0.0256    0.2045
     3             127            0.3608    0.0543
     4             21             0.0597    0.1419
     5             76             0.2159    0.1637
     6             18             0.0511    0.1831
     7             37             0.1051    0.1270
     8             3              0.0085   -0.0057
     9             17             0.0483   -0.0479
     10            10             0.0284   -0.0264
     11            4              0.0114   -0.0086
     12            7              0.0199   -0.0174
     13            1              0.0028    0.0000
     14            6              0.0170   -0.0145
     15            7              0.0199   -0.0174
     16            1              0.0028    0.0000
     17            1              0.0028    0.0000
    Tot            352                      0.0872   0.0396
    -------------------------------------------------------

 Pop: Pop1   Locus: LIST2013
-----------------------------------------

     Genotypic matrix:
         1   2   3   4   5   6   7   8   9  10
        ________________________________________
     1   1
     2   0   1
     3   0   0   0
     4   0   0   1  16
     5   0   0   0  19  13
     6   0   0   1  42  17  22
     7   0   0   0   6   6  13   0
     8   0   0   0   0   0   0   0   1
     9   0   0   0   0   0   0   0   0   1
    10   0   0   0   0   0   0   0   0   0   1

    Genotypes  Obs.      Expected
     1 , 1      1        0.0031
     2 , 1      0        0.0125
     2 , 2      1        0.0031
     3 , 1      0        0.0125
     3 , 2      0        0.0125
     3 , 3      0        0.0031
     4 , 1      0        0.6231
     4 , 2      0        0.6231
     4 , 3      1        0.6231
     4 , 4      16      15.4206
     5 , 1      0        0.4237
     5 , 2      0        0.4237
     5 , 3      0        0.4237
     5 , 4      19      21.1838
     5 , 5      13       7.0966
     6 , 1      0        0.7290
     6 , 2      0        0.7290
     6 , 3      1        0.7290
     6 , 4      42      36.4486
     6 , 5      17      24.7850
     6 , 6      22      21.1402
     7 , 1      0        0.1558
     7 , 2      0        0.1558
     7 , 3      0        0.1558
     7 , 4      6        7.7882
     7 , 5      6        5.2960
     7 , 6      13       9.1121
     7 , 7      0        0.9346
     8 , 1      0        0.0125
     8 , 2      0        0.0125
     8 , 3      0        0.0125
     8 , 4      0        0.6231
     8 , 5      0        0.4237
     8 , 6      0        0.7290
     8 , 7      0        0.1558
     8 , 8      1        0.0031
     9 , 1      0        0.0125
     9 , 2      0        0.0125
     9 , 3      0        0.0125
     9 , 4      0        0.6231
     9 , 5      0        0.4237
     9 , 6      0        0.7290
     9 , 7      0        0.1558
     9 , 8      0        0.0125
     9 , 9      1        0.0031
    10 , 1      0        0.0125
    10 , 2      0        0.0125
    10 , 3      0        0.0125
    10 , 4      0        0.6231
    10 , 5      0        0.4237
    10 , 6      0        0.7290
    10 , 7      0        0.1558
    10 , 8      0        0.0125
    10 , 9      0        0.0125
    10 , 10     1        0.0031


    Expected number of homozygotes  : 44.6106
    Observed number of homozygotes  : 56
    Expected number of heterozygotes: 116.3894
    Observed number of heterozygotes: 105



    Allele frequencies and Fis:
    -------------------------------------------------------
                                           Fis
                                           ----------------
    Allele     Sample count     Frequency   W&C      R&H
     1             2              0.0062    1.0000
     2             2              0.0062    1.0000
     3             2              0.0062   -0.0031
     4             100            0.3106    0.0168
     5             68             0.2112    0.2200
     6             117            0.3634    0.0231
     7             25             0.0776   -0.0811
     8             2              0.0062    1.0000
     9             2              0.0062    1.0000
     10            2              0.0062    1.0000
    Tot            322                      0.0981   0.5692
    -------------------------------------------------------

 Pop: Pop1   Locus: LIST2018
-----------------------------------------

     Genotypic matrix:
         1   2   3   4   5   6   7   8   9  10  11  12  13  14  15  16
        ________________________________________________________________
     1   5
     2   0   2
     3   1   6   7
     4   0   0   1   2
     5   1   2   9   3   6
     6   0   1   8   2   4   3
     7   1   3   6   1   5   4  21
     8   1   4   6   3   4  10   5   4
     9   1   1   0   0   3   1   4   1   0
    10   0   0   1   0   0   0   1   1   1   0
    11   0   0   0   0   0   0   0   0   0   0   0
    12   0   0   0   0   0   0   0   0   0   0   0   0
    13   0   0   2   0   0   0   0   1   1   0   0   0   0
    14   0   0   1   0   0   0   0   0   0   0   1   0   0   0
    15   0   0   0   0   0   0   0   0   0   0   0   1   0   0   0
    16   0   0   0   0   0   0   0   0   0   0   0   1   0   0   1   0

    Genotypes  Obs.      Expected
     1 , 1      5        0.3191
     2 , 1      0        0.9574
     2 , 2      2        0.6383
     3 , 1      1        2.5076
     3 , 2      6        3.5106
     3 , 3      7        4.5137
     4 , 1      0        0.6383
     4 , 2      0        0.8936
     4 , 3      1        2.3404
     4 , 4      2        0.2766
     5 , 1      1        1.9605
     5 , 2      2        2.7447
     5 , 3      9        7.1884
     5 , 4      3        1.8298
     5 , 5      6        2.7447
     6 , 1      0        1.6413
     6 , 2      1        2.2979
     6 , 3      8        6.0182
     6 , 4      2        1.5319
     6 , 5      4        4.7052
     6 , 6      3        1.9149
     7 , 1      1        3.2827
     7 , 2      3        4.5957
     7 , 3      6       12.0365
     7 , 4      1        3.0638
     7 , 5      5        9.4103
     7 , 6      4        7.8784
     7 , 7      21       7.7690
     8 , 1      1        2.0061
     8 , 2      4        2.8085
     8 , 3      6        7.3556
     8 , 4      3        1.8723
     8 , 5      4        5.7508
     8 , 6      10       4.8146
     8 , 7      5        9.6292
     8 , 8      4        2.8754
     9 , 1      1        0.5927
     9 , 2      1        0.8298
     9 , 3      0        2.1733
     9 , 4      0        0.5532
     9 , 5      3        1.6991
     9 , 6      1        1.4225
     9 , 7      4        2.8450
     9 , 8      1        1.7386
     9 , 9      0        0.2371
    10 , 1      0        0.1824
    10 , 2      0        0.2553
    10 , 3      1        0.6687
    10 , 4      0        0.1702
    10 , 5      0        0.5228
    10 , 6      0        0.4377
    10 , 7      1        0.8754
    10 , 8      1        0.5350
    10 , 9      1        0.1581
    10 , 10     0        0.0182
    11 , 1      0        0.0456
    11 , 2      0        0.0638
    11 , 3      0        0.1672
    11 , 4      0        0.0426
    11 , 5      0        0.1307
    11 , 6      0        0.1094
    11 , 7      0        0.2188
    11 , 8      0        0.1337
    11 , 9      0        0.0395
    11 , 10     0        0.0122
    11 , 11     0        0.0000
    12 , 1      0        0.0912
    12 , 2      0        0.1277
    12 , 3      0        0.3343
    12 , 4      0        0.0851
    12 , 5      0        0.2614
    12 , 6      0        0.2188
    12 , 7      0        0.4377
    12 , 8      0        0.2675
    12 , 9      0        0.0790
    12 , 10     0        0.0243
    12 , 11     0        0.0061
    12 , 12     0        0.0030
    13 , 1      0        0.1824
    13 , 2      0        0.2553
    13 , 3      2        0.6687
    13 , 4      0        0.1702
    13 , 5      0        0.5228
    13 , 6      0        0.4377
    13 , 7      0        0.8754
    13 , 8      1        0.5350
    13 , 9      1        0.1581
    13 , 10     0        0.0486
    13 , 11     0        0.0122
    13 , 12     0        0.0243
    13 , 13     0        0.0182
    14 , 1      0        0.0912
    14 , 2      0        0.1277
    14 , 3      1        0.3343
    14 , 4      0        0.0851
    14 , 5      0        0.2614
    14 , 6      0        0.2188
    14 , 7      0        0.4377
    14 , 8      0        0.2675
    14 , 9      0        0.0790
    14 , 10     0        0.0243
    14 , 11     1        0.0061
    14 , 12     0        0.0122
    14 , 13     0        0.0243
    14 , 14     0        0.0030
    15 , 1      0        0.0912
    15 , 2      0        0.1277
    15 , 3      0        0.3343
    15 , 4      0        0.0851
    15 , 5      0        0.2614
    15 , 6      0        0.2188
    15 , 7      0        0.4377
    15 , 8      0        0.2675
    15 , 9      0        0.0790
    15 , 10     0        0.0243
    15 , 11     0        0.0061
    15 , 12     1        0.0122
    15 , 13     0        0.0243
    15 , 14     0        0.0122
    15 , 15     0        0.0030
    16 , 1      0        0.0912
    16 , 2      0        0.1277
    16 , 3      0        0.3343
    16 , 4      0        0.0851
    16 , 5      0        0.2614
    16 , 6      0        0.2188
    16 , 7      0        0.4377
    16 , 8      0        0.2675
    16 , 9      0        0.0790
    16 , 10     0        0.0243
    16 , 11     0        0.0061
    16 , 12     1        0.0122
    16 , 13     0        0.0243
    16 , 14     0        0.0122
    16 , 15     1        0.0122
    16 , 16     0        0.0030


    Expected number of homozygotes  : 21.3374
    Observed number of homozygotes  : 50
    Expected number of heterozygotes: 143.6626
    Observed number of heterozygotes: 115



    Allele frequencies and Fis:
    -------------------------------------------------------
                                           Fis
                                           ----------------
    Allele     Sample count     Frequency   W&C      R&H
     1             15             0.0455    0.6525
     2             21             0.0636    0.1384
     3             55             0.1667    0.1085
     4             14             0.0424    0.2569
     5             43             0.1303    0.1740
     6             36             0.1091    0.0677
     7             72             0.2182    0.4694
     8             44             0.1333    0.0590
     9             13             0.0394   -0.0380
     10            4              0.0121   -0.0092
     11            1              0.0030    0.0000
     12            2              0.0061   -0.0031
     13            4              0.0121   -0.0092
     14            2              0.0061   -0.0031
     15            2              0.0061   -0.0031
     16            2              0.0061   -0.0031
    Tot            330                      0.2000   0.1106
    -------------------------------------------------------

 Pop: Pop1   Locus: VMA3
-----------------------------------------

     Genotypic matrix:
         1   2   3   4   5   6   7   8   9
        ____________________________________
     1  37
     2  43  29
     3   5   6   4
     4   0   0   2   0
     5   1   0   0   0   0
     6   0   1   0   0   0   0
     7   0   2   0   0   0   0   2
     8   7   3   0   0   0   0   0   1
     9   2   7   1   0   0   0   0   0   2

    Genotypes  Obs.      Expected
     1 , 1      37      27.9806
     2 , 1      43      51.2621
     2 , 2      29      23.1068
     3 , 1      5        9.3981
     3 , 2      6        8.5437
     3 , 3      4        0.7476
     4 , 1      0        0.8544
     4 , 2      0        0.7767
     4 , 3      2        0.1424
     4 , 4      0        0.0032
     5 , 1      1        0.4272
     5 , 2      0        0.3883
     5 , 3      0        0.0712
     5 , 4      0        0.0065
     5 , 5      0        0.0000
     6 , 1      0        0.4272
     6 , 2      1        0.3883
     6 , 3      0        0.0712
     6 , 4      0        0.0065
     6 , 5      0        0.0032
     6 , 6      0        0.0000
     7 , 1      0        2.5631
     7 , 2      2        2.3301
     7 , 3      0        0.4272
     7 , 4      0        0.0388
     7 , 5      0        0.0194
     7 , 6      0        0.0194
     7 , 7      2        0.0485
     8 , 1      7        5.1262
     8 , 2      3        4.6602
     8 , 3      0        0.8544
     8 , 4      0        0.0777
     8 , 5      0        0.0388
     8 , 6      0        0.0388
     8 , 7      0        0.2330
     8 , 8      1        0.2136
     9 , 1      2        5.9806
     9 , 2      7        5.4369
     9 , 3      1        0.9968
     9 , 4      0        0.0906
     9 , 5      0        0.0453
     9 , 6      0        0.0453
     9 , 7      0        0.2718
     9 , 8      0        0.5437
     9 , 9      2        0.2945


    Expected number of homozygotes  : 52.3948
    Observed number of homozygotes  : 75
    Expected number of heterozygotes: 102.6052
    Observed number of heterozygotes: 80



    Allele frequencies and Fis:
    -------------------------------------------------------
                                           Fis
                                           ----------------
    Allele     Sample count     Frequency   W&C      R&H
     1             132            0.4258    0.2378
     2             120            0.3871    0.1602
     3             22             0.0710    0.3179
     4             2              0.0065   -0.0033
     5             1              0.0032    0.0000
     6             1              0.0032    0.0000
     7             6              0.0194    0.6619
     8             12             0.0387    0.1363
     9             14             0.0452    0.2550
    Tot            310                      0.2209   0.1947
    -------------------------------------------------------

 Pop: Pop1   Locus: LIST2001
-----------------------------------------

     Genotypic matrix:
         1   2   3   4   5   6   7   8   9  10  11  12  13  14  15  16
        ________________________________________________________________
     1   0
     2   1   1
     3   0   0   0
     4   0   6   0   5
     5   0   0   0   1   2
     6   0   1   1   1   0   3
     7   0   4   2   7   1   3  17
     8   0   3   1   6   1   1   8   2
     9   0   2   0   2   1   2   6   3   3
    10   0   2   1   3   0   1   7   2   0   1
    11   0   0   0   0   0   0   0   0   0   1   0
    12   0   2   0   0   0   1   3   0   0   0   0   1
    13   0   3   1   3   1   0   4   5   0   1   1   2   2
    14   0   0   0   3   0   1   6   6   2   0   0   1   0   2
    15   0   0   0   0   0   0   1   0   0   0   0   0   0   0   0
    16   0   1   3   2   0   0   4   1   0   2   0   0   1   0   0   0

    Genotypes  Obs.      Expected
     1 , 1      0        0.0000
     2 , 1      1        0.0748
     2 , 2      1        0.9723
     3 , 1      0        0.0249
     3 , 2      0        0.6731
     3 , 3      0        0.0997
     4 , 1      0        0.1219
     4 , 2      6        3.2909
     4 , 3      0        1.0970
     4 , 4      5        2.6205
     5 , 1      0        0.0249
     5 , 2      0        0.6731
     5 , 3      0        0.2244
     5 , 4      1        1.0970
     5 , 5      2        0.0997
     6 , 1      0        0.0499
     6 , 2      1        1.3463
     6 , 3      1        0.4488
     6 , 4      1        2.1939
     6 , 5      0        0.4488
     6 , 6      3        0.4238
     7 , 1      0        0.2493
     7 , 2      4        6.7313
     7 , 3      2        2.2438
     7 , 4      7       10.9695
     7 , 5      1        2.2438
     7 , 6      3        4.4875
     7 , 7      17      11.0942
     8 , 1      0        0.1136
     8 , 2      3        3.0665
     8 , 3      1        1.0222
     8 , 4      6        4.9972
     8 , 5      1        1.0222
     8 , 6      1        2.0443
     8 , 7      8       10.2216
     8 , 8      2        2.2715
     9 , 1      0        0.0665
     9 , 2      2        1.7950
     9 , 3      0        0.5983
     9 , 4      2        2.9252
     9 , 5      1        0.5983
     9 , 6      2        1.1967
     9 , 7      6        5.9834
     9 , 8      3        2.7258
     9 , 9      3        0.7645
    10 , 1      0        0.0609
    10 , 2      2        1.6454
    10 , 3      1        0.5485
    10 , 4      3        2.6814
    10 , 5      0        0.5485
    10 , 6      1        1.0970
    10 , 7      7        5.4848
    10 , 8      2        2.4986
    10 , 9      0        1.4626
    10 , 10     1        0.6399
    11 , 1      0        0.0055
    11 , 2      0        0.1496
    11 , 3      0        0.0499
    11 , 4      0        0.2438
    11 , 5      0        0.0499
    11 , 6      0        0.0997
    11 , 7      0        0.4986
    11 , 8      0        0.2271
    11 , 9      0        0.1330
    11 , 10     1        0.1219
    11 , 11     0        0.0028
    12 , 1      0        0.0305
    12 , 2      2        0.8227
    12 , 3      0        0.2742
    12 , 4      0        1.3407
    12 , 5      0        0.2742
    12 , 6      1        0.5485
    12 , 7      3        2.7424
    12 , 8      0        1.2493
    12 , 9      0        0.7313
    12 , 10     0        0.6704
    12 , 11     0        0.0609
    12 , 12     1        0.1524
    13 , 1      0        0.0720
    13 , 2      3        1.9446
    13 , 3      1        0.6482
    13 , 4      3        3.1690
    13 , 5      1        0.6482
    13 , 6      0        1.2964
    13 , 7      4        6.4820
    13 , 8      5        2.9529
    13 , 9      0        1.7285
    13 , 10     1        1.5845
    13 , 11     1        0.1440
    13 , 12     2        0.7922
    13 , 13     2        0.9003
    14 , 1      0        0.0637
    14 , 2      0        1.7202
    14 , 3      0        0.5734
    14 , 4      3        2.8033
    14 , 5      0        0.5734
    14 , 6      1        1.1468
    14 , 7      6        5.7341
    14 , 8      6        2.6122
    14 , 9      2        1.5291
    14 , 10     0        1.4017
    14 , 11     0        0.1274
    14 , 12     1        0.7008
    14 , 13     0        1.6565
    14 , 14     2        0.7008
    15 , 1      0        0.0028
    15 , 2      0        0.0748
    15 , 3      0        0.0249
    15 , 4      0        0.1219
    15 , 5      0        0.0249
    15 , 6      0        0.0499
    15 , 7      1        0.2493
    15 , 8      0        0.1136
    15 , 9      0        0.0665
    15 , 10     0        0.0609
    15 , 11     0        0.0055
    15 , 12     0        0.0305
    15 , 13     0        0.0720
    15 , 14     0        0.0637
    15 , 15     0        0.0000
    16 , 1      0        0.0388
    16 , 2      1        1.0471
    16 , 3      3        0.3490
    16 , 4      2        1.7064
    16 , 5      0        0.3490
    16 , 6      0        0.6981
    16 , 7      4        3.4903
    16 , 8      1        1.5900
    16 , 9      0        0.9307
    16 , 10     2        0.8532
    16 , 11     0        0.0776
    16 , 12     0        0.4266
    16 , 13     1        1.0083
    16 , 14     0        0.8920
    16 , 15     0        0.0388
    16 , 16     0        0.2521


    Expected number of homozygotes  : 20.9945
    Observed number of homozygotes  : 39
    Expected number of heterozygotes: 160.0055
    Observed number of heterozygotes: 142



    Allele frequencies and Fis:
    -------------------------------------------------------
                                           Fis
                                           ----------------
    Allele     Sample count     Frequency   W&C      R&H
     1             1              0.0028    0.0000
     2             27             0.0746    0.0022
     3             9              0.0249   -0.0227
     4             44             0.1215    0.1231
     5             9              0.0249    0.4325
     6             18             0.0497    0.3010
     7             90             0.2486    0.1746
     8             41             0.1133   -0.0149
     9             24             0.0663    0.1994
     10            22             0.0608    0.0349
     11            2              0.0055   -0.0028
     12            11             0.0304    0.1589
     13            26             0.0718    0.0911
     14            23             0.0635    0.1206
     15            1              0.0028    0.0000
     16            14             0.0387   -0.0375
    Tot            362                      0.1128   0.0967
    -------------------------------------------------------

 Pop: Pop1   Locus: LIST2011
-----------------------------------------

     Genotypic matrix:
         1   2   3   4
        ________________
     1   1
     2   0   0
     3  44   1 121
     4   2   0  13   0

    Genotypes  Obs.      Expected
     1 , 1      1        3.1074
     2 , 1      0        0.1322
     2 , 2      0        0.0000
     3 , 1      44      39.6694
     3 , 2      1        0.8264
     3 , 3      121    123.5537
     4 , 1      2        1.9835
     4 , 2      0        0.0413
     4 , 3      13      12.3967
     4 , 4      0        0.2893


    Expected number of homozygotes  : 126.9504
    Observed number of homozygotes  : 122
    Expected number of heterozygotes: 55.0496
    Observed number of heterozygotes: 60



    Allele frequencies and Fis:
    -------------------------------------------------------
                                           Fis
                                           ----------------
    Allele     Sample count     Frequency   W&C      R&H
     1             48             0.1319   -0.1012
     2             1              0.0027   -0.0000
     3             300            0.8242   -0.0969
     4             15             0.0412   -0.0402
    Tot            364                     -0.0902  -0.0479
    -------------------------------------------------------

 Pop: Pop1   Locus: VMA6
-----------------------------------------

     Genotypic matrix:
         1   2   3   4   5   6   7   8   9  10  11  12
        ________________________________________________
     1   1
     2   0   1
     3   0   0   0
     4   0   0   0   0
     5   0   1   0   0   2
     6   1   2   1   1   3  16
     7   3   3   1   2   3  11  12
     8   0   1   1   2   2   6  10   6
     9   0   1   0   0   0   2   0   4   2
    10   2   1   2   0   1  10   8   5   0   4
    11   0   0   0   0   1   1   0   0   1   0   2
    12   1   0   0   0   0   1   0   0   0   0   0   2

    Genotypes  Obs.      Expected
     1 , 1      1        0.1263
     2 , 1      0        0.3474
     2 , 2      1        0.1930
     3 , 1      0        0.1579
     3 , 2      0        0.1930
     3 , 3      0        0.0351
     4 , 1      0        0.1579
     4 , 2      0        0.1930
     4 , 3      0        0.0877
     4 , 4      0        0.0351
     5 , 1      0        0.4737
     5 , 2      1        0.5789
     5 , 3      0        0.2632
     5 , 4      0        0.2632
     5 , 5      2        0.3684
     6 , 1      1        2.2421
     6 , 2      2        2.7404
     6 , 3      1        1.2456
     6 , 4      1        1.2456
     6 , 5      3        3.7368
     6 , 6      16       8.7193
     7 , 1      3        2.0526
     7 , 2      3        2.5088
     7 , 3      1        1.1404
     7 , 4      2        1.1404
     7 , 5      3        3.4211
     7 , 6      11      16.1930
     7 , 7      12       7.2982
     8 , 1      0        1.3579
     8 , 2      1        1.6596
     8 , 3      1        0.7544
     8 , 4      2        0.7544
     8 , 5      2        2.2632
     8 , 6      6       10.7123
     8 , 7      10       9.8070
     8 , 8      6        3.1684
     9 , 1      0        0.3789
     9 , 2      1        0.4632
     9 , 3      0        0.2105
     9 , 4      0        0.2105
     9 , 5      0        0.6316
     9 , 6      2        2.9895
     9 , 7      0        2.7368
     9 , 8      4        1.8105
     9 , 9      2        0.2316
    10 , 1      2        1.1684
    10 , 2      1        1.4281
    10 , 3      2        0.6491
    10 , 4      0        0.6491
    10 , 5      1        1.9474
    10 , 6      10       9.2175
    10 , 7      8        8.4386
    10 , 8      5        5.5825
    10 , 9      0        1.5579
    10 , 10     4        2.3368
    11 , 1      0        0.2211
    11 , 2      0        0.2702
    11 , 3      0        0.1228
    11 , 4      0        0.1228
    11 , 5      1        0.3684
    11 , 6      1        1.7439
    11 , 7      0        1.5965
    11 , 8      0        1.0561
    11 , 9      1        0.2947
    11 , 10     0        0.9088
    11 , 11     2        0.0737
    12 , 1      1        0.1895
    12 , 2      0        0.2316
    12 , 3      0        0.1053
    12 , 4      0        0.1053
    12 , 5      0        0.3158
    12 , 6      1        1.4947
    12 , 7      0        1.3684
    12 , 8      0        0.9053
    12 , 9      0        0.2526
    12 , 10     0        0.7789
    12 , 11     0        0.1474
    12 , 12     2        0.0526


    Expected number of homozygotes  : 22.6386
    Observed number of homozygotes  : 48
    Expected number of heterozygotes: 120.3614
    Observed number of heterozygotes: 95



    Allele frequencies and Fis:
    -------------------------------------------------------
                                           Fis
                                           ----------------
    Allele     Sample count     Frequency   W&C      R&H
     1             9              0.0315    0.2003
     2             11             0.0385    0.1525
     3             5              0.0175   -0.0143
     4             5              0.0175   -0.0143
     5             15             0.0524    0.2294
     6             71             0.2483    0.2726
     7             65             0.2273    0.1871
     8             43             0.1503    0.1549
     9             12             0.0420    0.3073
     10            37             0.1294    0.1032
     11            7              0.0245    0.5631
     12            6              0.0210    0.6615
    Tot            286                      0.2113   0.2368
    -------------------------------------------------------

 Pop: Pop1   Locus: R1.169
-----------------------------------------

     Genotypic matrix:
         1   2   3   4   5   6   7   8   9  10  11  12  13  14  15  16
        ________________________________________________________________
     1   1
     2   2  46
     3   0  15   3
     4   0   5   0   1
     5   0   5   0   0   0
     6   0  15   1   0   0   1
     7   0   0   0   0   0   0   0
     8   0   2   0   0   0   0   0   0
     9   0  10   2   0   1   2   1   0   0
    10   0  14   3   0   1   3   0   0   1   2
    11   0   5   0   0   0   1   0   0   0   2   1
    12   0   9   1   1   2   0   0   0   3   4   0   0
    13   0   6   0   0   0   1   0   0   0   0   0   0   0
    14   0   1   0   0   0   0   0   0   0   0   0   0   0   0
    15   0   4   0   0   0   0   1   0   0   0   0   0   0   0   0
    16   0   0   0   0   0   0   0   0   0   0   0   0   0   0   1   0

    Genotypes  Obs.      Expected
     1 , 1      1        0.0167
     2 , 1      2        2.0613
     2 , 2      46      47.4095
     3 , 1      0        0.3120
     3 , 2      15      14.4290
     3 , 3      3        1.0529
     4 , 1      0        0.0891
     4 , 2      5        4.1226
     4 , 3      0        0.6240
     4 , 4      1        0.0780
     5 , 1      0        0.1003
     5 , 2      5        4.6379
     5 , 3      0        0.7019
     5 , 4      0        0.2006
     5 , 5      0        0.1003
     6 , 1      0        0.2786
     6 , 2      15      12.8830
     6 , 3      1        1.9499
     6 , 4      0        0.5571
     6 , 5      0        0.6267
     6 , 6      1        0.8357
     7 , 1      0        0.0223
     7 , 2      0        1.0306
     7 , 3      0        0.1560
     7 , 4      0        0.0446
     7 , 5      0        0.0501
     7 , 6      0        0.1393
     7 , 7      0        0.0028
     8 , 1      0        0.0223
     8 , 2      2        1.0306
     8 , 3      0        0.1560
     8 , 4      0        0.0446
     8 , 5      0        0.0501
     8 , 6      0        0.1393
     8 , 7      0        0.0111
     8 , 8      0        0.0028
     9 , 1      0        0.2228
     9 , 2      10      10.3064
     9 , 3      2        1.5599
     9 , 4      0        0.4457
     9 , 5      1        0.5014
     9 , 6      2        1.3928
     9 , 7      1        0.1114
     9 , 8      0        0.1114
     9 , 9      0        0.5292
    10 , 1      0        0.3565
    10 , 2      14      16.4903
    10 , 3      3        2.4958
    10 , 4      0        0.7131
    10 , 5      1        0.8022
    10 , 6      3        2.2284
    10 , 7      0        0.1783
    10 , 8      0        0.1783
    10 , 9      1        1.7827
    10 , 10     2        1.3816
    11 , 1      0        0.1114
    11 , 2      5        5.1532
    11 , 3      0        0.7799
    11 , 4      0        0.2228
    11 , 5      0        0.2507
    11 , 6      1        0.6964
    11 , 7      0        0.0557
    11 , 8      0        0.0557
    11 , 9      0        0.5571
    11 , 10     2        0.8914
    11 , 11     1        0.1253
    12 , 1      0        0.2228
    12 , 2      9       10.3064
    12 , 3      1        1.5599
    12 , 4      1        0.4457
    12 , 5      2        0.5014
    12 , 6      0        1.3928
    12 , 7      0        0.1114
    12 , 8      0        0.1114
    12 , 9      3        1.1142
    12 , 10     4        1.7827
    12 , 11     0        0.5571
    12 , 12     0        0.5292
    13 , 1      0        0.0780
    13 , 2      6        3.6072
    13 , 3      0        0.5460
    13 , 4      0        0.1560
    13 , 5      0        0.1755
    13 , 6      1        0.4875
    13 , 7      0        0.0390
    13 , 8      0        0.0390
    13 , 9      0        0.3900
    13 , 10     0        0.6240
    13 , 11     0        0.1950
    13 , 12     0        0.3900
    13 , 13     0        0.0585
    14 , 1      0        0.0111
    14 , 2      1        0.5153
    14 , 3      0        0.0780
    14 , 4      0        0.0223
    14 , 5      0        0.0251
    14 , 6      0        0.0696
    14 , 7      0        0.0056
    14 , 8      0        0.0056
    14 , 9      0        0.0557
    14 , 10     0        0.0891
    14 , 11     0        0.0279
    14 , 12     0        0.0557
    14 , 13     0        0.0195
    14 , 14     0        0.0000
    15 , 1      0        0.0669
    15 , 2      4        3.0919
    15 , 3      0        0.4680
    15 , 4      0        0.1337
    15 , 5      0        0.1504
    15 , 6      0        0.4178
    15 , 7      1        0.0334
    15 , 8      0        0.0334
    15 , 9      0        0.3343
    15 , 10     0        0.5348
    15 , 11     0        0.1671
    15 , 12     0        0.3343
    15 , 13     0        0.1170
    15 , 14     0        0.0167
    15 , 15     0        0.0418
    16 , 1      0        0.0111
    16 , 2      0        0.5153
    16 , 3      0        0.0780
    16 , 4      0        0.0223
    16 , 5      0        0.0251
    16 , 6      0        0.0696
    16 , 7      0        0.0056
    16 , 8      0        0.0056
    16 , 9      0        0.0557
    16 , 10     0        0.0891
    16 , 11     0        0.0279
    16 , 12     0        0.0557
    16 , 13     0        0.0195
    16 , 14     0        0.0028
    16 , 15     1        0.0167
    16 , 16     0        0.0000


    Expected number of homozygotes  : 52.1643
    Observed number of homozygotes  : 55
    Expected number of heterozygotes: 127.8357
    Observed number of heterozygotes: 125



    Allele frequencies and Fis:
    -------------------------------------------------------
                                           Fis
                                           ----------------
    Allele     Sample count     Frequency   W&C      R&H
     1             4              0.0111    0.4965
     2             185            0.5139   -0.0313
     3             28             0.0778    0.1507
     4             8              0.0222    0.2356
     5             9              0.0250   -0.0229
     6             25             0.0694    0.0141
     7             2              0.0056   -0.0028
     8             2              0.0056   -0.0028
     9             20             0.0556   -0.0560
     10            32             0.0889    0.0424
     11            10             0.0278    0.1798
     12            20             0.0556   -0.0560
     13            7              0.0194   -0.0170
     14            1              0.0028    0.0000
     15            6              0.0167   -0.0142
     16            1              0.0028    0.0000
    Tot            360                      0.0222   0.0607
    -------------------------------------------------------

 Pop: Pop1   Locus: LIST2017
-----------------------------------------

     Genotypic matrix:
         1   2   3   4   5   6   7
        ____________________________
     1   0
     2   0   2
     3   0   1   0
     4   0   0   0   1
     5   0   0   2   1 138
     6   1   0   1   0  27   3
     7   0   0   0   0   1   0   0

    Genotypes  Obs.      Expected
     1 , 1      0        0.0000
     2 , 1      0        0.0141
     2 , 2      2        0.0282
     3 , 1      0        0.0113
     3 , 2      1        0.0563
     3 , 3      0        0.0169
     4 , 1      0        0.0085
     4 , 2      0        0.0423
     4 , 3      0        0.0338
     4 , 4      1        0.0085
     5 , 1      0        0.8648
     5 , 2      0        4.3239
     5 , 3      2        3.4592
     5 , 4      1        2.5944
     5 , 5      138    132.3127
     6 , 1      1        0.0986
     6 , 2      0        0.4930
     6 , 3      1        0.3944
     6 , 4      0        0.2958
     6 , 5      27      30.2676
     6 , 6      3        1.6761
     7 , 1      0        0.0028
     7 , 2      0        0.0141
     7 , 3      0        0.0113
     7 , 4      0        0.0085
     7 , 5      1        0.8648
     7 , 6      0        0.0986
     7 , 7      0        0.0000


    Expected number of homozygotes  : 134.0423
    Observed number of homozygotes  : 144
    Expected number of heterozygotes: 43.9577
    Observed number of heterozygotes: 34



    Allele frequencies and Fis:
    -------------------------------------------------------
                                           Fis
                                           ----------------
    Allele     Sample count     Frequency   W&C      R&H
     1             1              0.0028    0.0000
     2             5              0.0140    0.7982
     3             4              0.0112   -0.0085
     4             3              0.0084    0.6654
     5             307            0.8624    0.2690
     6             35             0.0983    0.0839
     7             1              0.0028    0.0000
    Tot            356                      0.2270   0.2597
    -------------------------------------------------------

 Pop: Pop1   Locus: Rufa19
-----------------------------------------

     Genotypic matrix:
         1   2   3   4   5   6   7   8   9  10  11  12  13  14
        ________________________________________________________
     1   2
     2   0   0
     3   0   1   0
     4   0   0   0   0
     5   0   0   0   1   0
     6   0   0   0   0   0   0
     7   0   0   0   0   0   0   3
     8   0   0   0   0   0   0   1   1
     9   0   0   0   0   0   0   2   0   6
    10   0   0   0   0   0   0   2   0   5   3
    11   0   0   0   0   0   0   8   0   7   7  20
    12   0   0   0   0   0   1   3   2   6   3  15   6
    13   0   0   0   0   0   0   1   0   3   0  13   5   2
    14   0   0   0   0   0   0   0   0   0   0   1   0   1   1

    Genotypes  Obs.      Expected
     1 , 1      2        0.0228
     2 , 1      0        0.0152
     2 , 2      0        0.0000
     3 , 1      0        0.0152
     3 , 2      1        0.0038
     3 , 3      0        0.0000
     4 , 1      0        0.0152
     4 , 2      0        0.0038
     4 , 3      0        0.0038
     4 , 4      0        0.0000
     5 , 1      0        0.0152
     5 , 2      0        0.0038
     5 , 3      0        0.0038
     5 , 4      1        0.0038
     5 , 5      0        0.0000
     6 , 1      0        0.0152
     6 , 2      0        0.0038
     6 , 3      0        0.0038
     6 , 4      0        0.0038
     6 , 5      0        0.0038
     6 , 6      0        0.0000
     7 , 1      0        0.3498
     7 , 2      0        0.0875
     7 , 3      0        0.0875
     7 , 4      0        0.0875
     7 , 5      0        0.0875
     7 , 6      0        0.0875
     7 , 7      3        0.9620
     8 , 1      0        0.0760
     8 , 2      0        0.0190
     8 , 3      0        0.0190
     8 , 4      0        0.0190
     8 , 5      0        0.0190
     8 , 6      0        0.0190
     8 , 7      1        0.4373
     8 , 8      1        0.0380
     9 , 1      0        0.5323
     9 , 2      0        0.1331
     9 , 3      0        0.1331
     9 , 4      0        0.1331
     9 , 5      0        0.1331
     9 , 6      0        0.1331
     9 , 7      2        3.0608
     9 , 8      0        0.6654
     9 , 9      6        2.2624
    10 , 1      0        0.3498
    10 , 2      0        0.0875
    10 , 3      0        0.0875
    10 , 4      0        0.0875
    10 , 5      0        0.0875
    10 , 6      0        0.0875
    10 , 7      2        2.0114
    10 , 8      0        0.4373
    10 , 9      5        3.0608
    10 , 10     3        0.9620
    11 , 1      0        1.3840
    11 , 2      0        0.3460
    11 , 3      0        0.3460
    11 , 4      0        0.3460
    11 , 5      0        0.3460
    11 , 6      0        0.3460
    11 , 7      8        7.9582
    11 , 8      0        1.7300
    11 , 9      7       12.1103
    11 , 10     7        7.9582
    11 , 11     20      15.5703
    12 , 1      0        0.7148
    12 , 2      0        0.1787
    12 , 3      0        0.1787
    12 , 4      0        0.1787
    12 , 5      0        0.1787
    12 , 6      1        0.1787
    12 , 7      3        4.1103
    12 , 8      2        0.8935
    12 , 9      6        6.2548
    12 , 10     3        4.1103
    12 , 11     15      16.2624
    12 , 12     6        4.1103
    13 , 1      0        0.4106
    13 , 2      0        0.1027
    13 , 3      0        0.1027
    13 , 4      0        0.1027
    13 , 5      0        0.1027
    13 , 6      0        0.1027
    13 , 7      1        2.3612
    13 , 8      0        0.5133
    13 , 9      3        3.5932
    13 , 10     0        2.3612
    13 , 11     13       9.3422
    13 , 12     5        4.8251
    13 , 13     2        1.3346
    14 , 1      0        0.0608
    14 , 2      0        0.0152
    14 , 3      0        0.0152
    14 , 4      0        0.0152
    14 , 5      0        0.0152
    14 , 6      0        0.0152
    14 , 7      0        0.3498
    14 , 8      0        0.0760
    14 , 9      0        0.5323
    14 , 10     0        0.3498
    14 , 11     1        1.3840
    14 , 12     0        0.7148
    14 , 13     1        0.4106
    14 , 14     1        0.0228


    Expected number of homozygotes  : 25.2852
    Observed number of homozygotes  : 44
    Expected number of heterozygotes: 106.7148
    Observed number of heterozygotes: 88



    Allele frequencies and Fis:
    -------------------------------------------------------
                                           Fis
                                           ----------------
    Allele     Sample count     Frequency   W&C      R&H
     1             4              0.0152    1.0000
     2             1              0.0038    0.0000
     3             1              0.0038    0.0000
     4             1              0.0038    0.0000
     5             1              0.0038    0.0000
     6             1              0.0038    0.0000
     7             23             0.0871    0.1940
     8             5              0.0189    0.3916
     9             35             0.1326    0.2460
     10            23             0.0871    0.1940
     11            91             0.3447    0.1485
     12            47             0.1780    0.0978
     13            27             0.1023    0.0549
     14            4              0.0152    0.4952
    Tot            264                      0.1759   0.2052
    -------------------------------------------------------

 Pop: Pop1   Locus: D3.15
-----------------------------------------

     Genotypic matrix:
         1   2   3   4   5   6   7   8   9  10  11  12  13  14  15  16  17
        ____________________________________________________________________
     1   3
     2   1   1
     3  13   2  26
     4   2   1   8   2
     5   0   0   1   0   0
     6   1   0   2   0   0   1
     7   1   0   7   1   0   0   3
     8   1   1   2   0   0   0   0   0
     9   2   0   0   0   0   0   0   0   1
    10   0   1   3   1   0   0   0   0   0   1
    11   0   1  10   1   0   1   3   0   0   0   0
    12   1   0   8   0   0   0   1   0   0   1   0   0
    13   0   0   5   1   0   0   1   0   0   0   0   1   2
    14   1   1   2   1   0   0   0   0   0   1   2   0   0   0
    15   0   0   4   2   0   1   1   1   0   0   1   0   0   0   1
    16   0   0   0   0   0   0   0   1   0   0   0   0   0   0   0   0
    17   0   0   1   0   0   0   0   0   0   0   0   0   0   0   0   0   0

    Genotypes  Obs.      Expected
     1 , 1      3        1.3857
     2 , 1      1        0.9898
     2 , 2      1        0.1536
     3 , 1      13      11.8771
     3 , 2      2        4.0956
     3 , 3      26      24.3686
     4 , 1      2        2.1775
     4 , 2      1        0.7509
     4 , 3      8        9.0102
     4 , 4      2        0.7884
     5 , 1      0        0.0990
     5 , 2      0        0.0341
     5 , 3      1        0.4096
     5 , 4      0        0.0751
     5 , 5      0        0.0000
     6 , 1      1        0.6928
     6 , 2      0        0.2389
     6 , 3      2        2.8669
     6 , 4      0        0.5256
     6 , 5      0        0.0239
     6 , 6      1        0.0717
     7 , 1      1        2.0785
     7 , 2      0        0.7167
     7 , 3      7        8.6007
     7 , 4      1        1.5768
     7 , 5      0        0.0717
     7 , 6      0        0.5017
     7 , 7      3        0.7167
     8 , 1      1        0.5939
     8 , 2      1        0.2048
     8 , 3      2        2.4573
     8 , 4      0        0.4505
     8 , 5      0        0.0205
     8 , 6      0        0.1433
     8 , 7      0        0.4300
     8 , 8      0        0.0512
     9 , 1      2        0.3959
     9 , 2      0        0.1365
     9 , 3      0        1.6382
     9 , 4      0        0.3003
     9 , 5      0        0.0137
     9 , 6      0        0.0956
     9 , 7      0        0.2867
     9 , 8      0        0.0819
     9 , 9      1        0.0205
    10 , 1      0        0.8908
    10 , 2      1        0.3072
    10 , 3      3        3.6860
    10 , 4      1        0.6758
    10 , 5      0        0.0307
    10 , 6      0        0.2150
    10 , 7      0        0.6451
    10 , 8      0        0.1843
    10 , 9      0        0.1229
    10 , 10     1        0.1229
    11 , 1      0        1.8805
    11 , 2      1        0.6485
    11 , 3      10       7.7816
    11 , 4      1        1.4266
    11 , 5      0        0.0648
    11 , 6      1        0.4539
    11 , 7      3        1.3618
    11 , 8      0        0.3891
    11 , 9      0        0.2594
    11 , 10     0        0.5836
    11 , 11     0        0.5836
    12 , 1      1        1.1877
    12 , 2      0        0.4096
    12 , 3      8        4.9147
    12 , 4      0        0.9010
    12 , 5      0        0.0410
    12 , 6      0        0.2867
    12 , 7      1        0.8601
    12 , 8      0        0.2457
    12 , 9      0        0.1638
    12 , 10     1        0.3686
    12 , 11     0        0.7782
    12 , 12     0        0.2253
    13 , 1      0        1.1877
    13 , 2      0        0.4096
    13 , 3      5        4.9147
    13 , 4      1        0.9010
    13 , 5      0        0.0410
    13 , 6      0        0.2867
    13 , 7      1        0.8601
    13 , 8      0        0.2457
    13 , 9      0        0.1638
    13 , 10     0        0.3686
    13 , 11     0        0.7782
    13 , 12     1        0.4915
    13 , 13     2        0.2253
    14 , 1      1        0.7918
    14 , 2      1        0.2730
    14 , 3      2        3.2765
    14 , 4      1        0.6007
    14 , 5      0        0.0273
    14 , 6      0        0.1911
    14 , 7      0        0.5734
    14 , 8      0        0.1638
    14 , 9      0        0.1092
    14 , 10     1        0.2457
    14 , 11     2        0.5188
    14 , 12     0        0.3276
    14 , 13     0        0.3276
    14 , 14     0        0.0956
    15 , 1      0        1.1877
    15 , 2      0        0.4096
    15 , 3      4        4.9147
    15 , 4      2        0.9010
    15 , 5      0        0.0410
    15 , 6      1        0.2867
    15 , 7      1        0.8601
    15 , 8      1        0.2457
    15 , 9      0        0.1638
    15 , 10     0        0.3686
    15 , 11     1        0.7782
    15 , 12     0        0.4915
    15 , 13     0        0.4915
    15 , 14     0        0.3276
    15 , 15     1        0.2253
    16 , 1      0        0.0990
    16 , 2      0        0.0341
    16 , 3      0        0.4096
    16 , 4      0        0.0751
    16 , 5      0        0.0034
    16 , 6      0        0.0239
    16 , 7      0        0.0717
    16 , 8      1        0.0205
    16 , 9      0        0.0137
    16 , 10     0        0.0307
    16 , 11     0        0.0648
    16 , 12     0        0.0410
    16 , 13     0        0.0410
    16 , 14     0        0.0273
    16 , 15     0        0.0410
    16 , 16     0        0.0000
    17 , 1      0        0.0990
    17 , 2      0        0.0341
    17 , 3      1        0.4096
    17 , 4      0        0.0751
    17 , 5      0        0.0034
    17 , 6      0        0.0239
    17 , 7      0        0.0717
    17 , 8      0        0.0205
    17 , 9      0        0.0137
    17 , 10     0        0.0307
    17 , 11     0        0.0648
    17 , 12     0        0.0410
    17 , 13     0        0.0410
    17 , 14     0        0.0273
    17 , 15     0        0.0410
    17 , 16     0        0.0034
    17 , 17     0        0.0000


    Expected number of homozygotes  : 29.0341
    Observed number of homozygotes  : 41
    Expected number of heterozygotes: 117.9659
    Observed number of heterozygotes: 106



    Allele frequencies and Fis:
    -------------------------------------------------------
                                           Fis
                                           ----------------
    Allele     Sample count     Frequency   W&C      R&H
     1             29             0.0986    0.1235
     2             10             0.0340    0.1751
     3             120            0.4082    0.0459
     4             22             0.0748    0.1190
     5             1              0.0034    0.0000
     6             7              0.0238    0.2715
     7             21             0.0714    0.2340
     8             6              0.0204   -0.0174
     9             4              0.0136    0.4957
     10            9              0.0306    0.2009
     11            19             0.0646   -0.0657
     12            12             0.0408   -0.0391
     13            12             0.0408    0.3081
     14            8              0.0272   -0.0246
     15            12             0.0408    0.1346
     16            1              0.0034    0.0000
     17            1              0.0034    0.0000
    Tot            294                      0.1017   0.1173
    -------------------------------------------------------

 Pop: Pop1   Locus: VMA4
-----------------------------------------

     Genotypic matrix:
         1   2   3   4   5   6   7   8   9  10  11  12  13  14  15
        ____________________________________________________________
     1   0
     2   1   5
     3   0   1   1
     4   0   0   0   1
     5   0   0   0   0   0
     6   0   0   0   0   0   2
     7   0   1   1   0   0   1  24
     8   0   0   0   0   0   0   5   0
     9   0   0   0   0   0   0  12   2  11
    10   0   0   1   2   1   0  12   1   4   3
    11   0   0   0   0   0   0   1   0   2   0   3
    12   0   0   0   0   0   0   5   1   1   3   0   0
    13   0   0   0   0   0   0   3   0   1   0   1   0   2
    14   0   0   0   0   0   0   0   0   0   0   0   1   0   0
    15   0   0   0   0   0   0   3   0   0   0   0   0   0   0   1

    Genotypes  Obs.      Expected
     1 , 1      0        0.0000
     2 , 1      1        0.0544
     2 , 2      5        0.3264
     3 , 1      0        0.0209
     3 , 2      1        0.2720
     3 , 3      1        0.0418
     4 , 1      0        0.0167
     4 , 2      0        0.2176
     4 , 3      0        0.0837
     4 , 4      1        0.0251
     5 , 1      0        0.0042
     5 , 2      0        0.0544
     5 , 3      0        0.0209
     5 , 4      0        0.0167
     5 , 5      0        0.0000
     6 , 1      0        0.0209
     6 , 2      0        0.2720
     6 , 3      0        0.1046
     6 , 4      0        0.0837
     6 , 5      0        0.0209
     6 , 6      2        0.0418
     7 , 1      0        0.3849
     7 , 2      1        5.0042
     7 , 3      1        1.9247
     7 , 4      0        1.5397
     7 , 5      0        0.3849
     7 , 6      1        1.9247
     7 , 7      24      17.5146
     8 , 1      0        0.0377
     8 , 2      0        0.4895
     8 , 3      0        0.1883
     8 , 4      0        0.1506
     8 , 5      0        0.0377
     8 , 6      0        0.1883
     8 , 7      5        3.4644
     8 , 8      0        0.1506
     9 , 1      0        0.1841
     9 , 2      0        2.3933
     9 , 3      0        0.9205
     9 , 4      0        0.7364
     9 , 5      0        0.1841
     9 , 6      0        0.9205
     9 , 7      12      16.9372
     9 , 8      2        1.6569
     9 , 9      11       3.9582
    10 , 1      0        0.1255
    10 , 2      0        1.6318
    10 , 3      1        0.6276
    10 , 4      2        0.5021
    10 , 5      1        0.1255
    10 , 6      0        0.6276
    10 , 7      12      11.5481
    10 , 8      1        1.1297
    10 , 9      4        5.5230
    10 , 10     3        1.8201
    11 , 1      0        0.0418
    11 , 2      0        0.5439
    11 , 3      0        0.2092
    11 , 4      0        0.1674
    11 , 5      0        0.0418
    11 , 6      0        0.2092
    11 , 7      1        3.8494
    11 , 8      0        0.3766
    11 , 9      2        1.8410
    11 , 10     0        1.2552
    11 , 11     3        0.1883
    12 , 1      0        0.0460
    12 , 2      0        0.5983
    12 , 3      0        0.2301
    12 , 4      0        0.1841
    12 , 5      0        0.0460
    12 , 6      0        0.2301
    12 , 7      5        4.2343
    12 , 8      1        0.4142
    12 , 9      1        2.0251
    12 , 10     3        1.3808
    12 , 11     0        0.4603
    12 , 12     0        0.2301
    13 , 1      0        0.0377
    13 , 2      0        0.4895
    13 , 3      0        0.1883
    13 , 4      0        0.1506
    13 , 5      0        0.0377
    13 , 6      0        0.1883
    13 , 7      3        3.4644
    13 , 8      0        0.3389
    13 , 9      1        1.6569
    13 , 10     0        1.1297
    13 , 11     1        0.3766
    13 , 12     0        0.4142
    13 , 13     2        0.1506
    14 , 1      0        0.0042
    14 , 2      0        0.0544
    14 , 3      0        0.0209
    14 , 4      0        0.0167
    14 , 5      0        0.0042
    14 , 6      0        0.0209
    14 , 7      0        0.3849
    14 , 8      0        0.0377
    14 , 9      0        0.1841
    14 , 10     0        0.1255
    14 , 11     0        0.0418
    14 , 12     1        0.0460
    14 , 13     0        0.0377
    14 , 14     0        0.0000
    15 , 1      0        0.0209
    15 , 2      0        0.2720
    15 , 3      0        0.1046
    15 , 4      0        0.0837
    15 , 5      0        0.0209
    15 , 6      0        0.1046
    15 , 7      3        1.9247
    15 , 8      0        0.1883
    15 , 9      0        0.9205
    15 , 10     0        0.6276
    15 , 11     0        0.2092
    15 , 12     0        0.2301
    15 , 13     0        0.1883
    15 , 14     0        0.0209
    15 , 15     1        0.0418


    Expected number of homozygotes  : 24.4895
    Observed number of homozygotes  : 53
    Expected number of heterozygotes: 95.5105
    Observed number of heterozygotes: 67



    Allele frequencies and Fis:
    -------------------------------------------------------
                                           Fis
                                           ----------------
    Allele     Sample count     Frequency   W&C      R&H
     1             1              0.0042    0.0000
     2             13             0.0542    0.7578
     3             5              0.0208    0.3908
     4             4              0.0167    0.4947
     5             1              0.0042    0.0000
     6             5              0.0208    0.7973
     7             92             0.3833    0.2284
     8             9              0.0375   -0.0348
     9             44             0.1833    0.3913
     10            30             0.1250    0.0899
     11            10             0.0417    0.5854
     12            11             0.0458   -0.0439
     13            9              0.0375    0.4262
     14            1              0.0042    0.0000
     15            5              0.0208    0.3908
    Tot            240                      0.2994   0.3008
    -------------------------------------------------------

Tables of allelic frequencies for each locus:

 Locus: LIST2007
------------------
   Pop     Alleles                                         Genes
           ----------------------------------------------- -----
           1     2     3     4     5     6     7     8     
Pop1       0.003 0.008 0.138 0.097 0.738 0.006 0.008 0.003 362   

 Locus: LIST2003
------------------
   Pop     Alleles                                                                                               Genes
           ----------------------------------------------------------------------------------------------------- -----
           1     2     3     4     5     6     7     8     9     10    11    12    13    14    15    16    17    
Pop1       0.020 0.026 0.361 0.060 0.216 0.051 0.105 0.009 0.048 0.028 0.011 0.020 0.003 0.017 0.020 0.003 0.003 352   

 Locus: LIST2013
------------------
   Pop     Alleles                                                     Genes
           ----------------------------------------------------------- -----
           1     2     3     4     5     6     7     8     9     10    
Pop1       0.006 0.006 0.006 0.311 0.211 0.363 0.078 0.006 0.006 0.006 322   

 Locus: LIST2018
------------------
   Pop     Alleles                                                                                         Genes
           ----------------------------------------------------------------------------------------------- -----
           1     2     3     4     5     6     7     8     9     10    11    12    13    14    15    16    
Pop1       0.045 0.064 0.167 0.042 0.130 0.109 0.218 0.133 0.039 0.012 0.003 0.006 0.012 0.006 0.006 0.006 330   

 Locus: VMA3
------------------
   Pop     Alleles                                               Genes
           ----------------------------------------------------- -----
           1     2     3     4     5     6     7     8     9     
Pop1       0.426 0.387 0.071 0.006 0.003 0.003 0.019 0.039 0.045 310   

 Locus: LIST2001
------------------
   Pop     Alleles                                                                                         Genes
           ----------------------------------------------------------------------------------------------- -----
           1     2     3     4     5     6     7     8     9     10    11    12    13    14    15    16    
Pop1       0.003 0.075 0.025 0.122 0.025 0.050 0.249 0.113 0.066 0.061 0.006 0.030 0.072 0.064 0.003 0.039 362   

 Locus: LIST2011
------------------
   Pop     Alleles                 Genes
           ----------------------- -----
           1     2     3     4     
Pop1       0.132 0.003 0.824 0.041 364   

 Locus: VMA6
------------------
   Pop     Alleles                                                                 Genes
           ----------------------------------------------------------------------- -----
           1     2     3     4     5     6     7     8     9     10    11    12    
Pop1       0.031 0.038 0.017 0.017 0.052 0.248 0.227 0.150 0.042 0.129 0.024 0.021 286   

 Locus: R1.169
------------------
   Pop     Alleles                                                                                         Genes
           ----------------------------------------------------------------------------------------------- -----
           1     2     3     4     5     6     7     8     9     10    11    12    13    14    15    16    
Pop1       0.011 0.514 0.078 0.022 0.025 0.069 0.006 0.006 0.056 0.089 0.028 0.056 0.019 0.003 0.017 0.003 360   

 Locus: LIST2017
------------------
   Pop     Alleles                                   Genes
           ----------------------------------------- -----
           1     2     3     4     5     6     7     
Pop1       0.003 0.014 0.011 0.008 0.862 0.098 0.003 356   

 Locus: Rufa19
------------------
   Pop     Alleles                                                                             Genes
           ----------------------------------------------------------------------------------- -----
           1     2     3     4     5     6     7     8     9     10    11    12    13    14    
Pop1       0.015 0.004 0.004 0.004 0.004 0.004 0.087 0.019 0.133 0.087 0.345 0.178 0.102 0.015 264   

 Locus: D3.15
------------------
   Pop     Alleles                                                                                               Genes
           ----------------------------------------------------------------------------------------------------- -----
           1     2     3     4     5     6     7     8     9     10    11    12    13    14    15    16    17    
Pop1       0.099 0.034 0.408 0.075 0.003 0.024 0.071 0.020 0.014 0.031 0.065 0.041 0.041 0.027 0.041 0.003 0.003 294   

 Locus: VMA4
------------------
   Pop     Alleles                                                                                   Genes
           ----------------------------------------------------------------------------------------- -----
           1     2     3     4     5     6     7     8     9     10    11    12    13    14    15    
Pop1       0.004 0.054 0.021 0.017 0.004 0.021 0.383 0.037 0.183 0.125 0.042 0.046 0.037 0.004 0.021 240   


Normal ending.
