Genepop 4.7.5
Maximum likelihood estimation of null allele frequency

EM algorithm (Dempster, Laird and Rubin, 1977)

File: Data/09a_BWS_Data_50_NoSibs_2017_GenePop.txt (Title line:"")

Number of populations detected : 1
Number of loci detected        : 12


Locus: LIST2007
=================================
Population: Pop1
-----------------------------------------
Allele   Freq.     Homoz.     Null Heter.
  1      0.0903    0.5209     1.4791 
  2      0.0903    0.5209     1.4791 
  3      0.6521    44.4998    17.5002
  4      0.0052    0.0000     0.0000 
  5      0.0339    0.5844     4.4156 
 Null    0.1282 


Locus: LIST2003
=================================
Population: Pop1
-----------------------------------------
Allele   Freq.     Homoz.     Null Heter.
  1      0.0534    0.2513     0.7487 
  2      0.0260    0.0000     0.0000 
  3      0.0054    0.0327     0.9673 
  4      0.3286    8.0855     3.9145 
  5      0.0534    0.2513     0.7487 
  6      0.2136    4.0121     2.9879 
  7      0.0312    0.0000     0.0000 
  8      0.0781    0.0000     0.0000 
  9      0.0104    0.0000     0.0000 
  10     0.0573    0.0000     0.0000 
  11     0.0156    0.0000     0.0000 
  12     0.0052    0.0000     0.0000 
  13     0.0104    0.0000     0.0000 
  14     0.0052    0.0000     0.0000 
  15     0.0104    0.0000     0.0000 
  16     0.0054    0.0327     0.9673 
  17     0.0107    0.0633     0.9367 
 Null    0.0795 


Locus: LIST2013
=================================
Population: Pop1
-----------------------------------------
Allele   Freq.     Homoz.     Null Heter.
  1      0.0057    0.0000     0.0000 
  2      0.0057    0.0000     0.0000 
  3      0.0121    0.1270     0.8730 
  4      0.0057    0.0000     0.0000 
  5      0.3061    7.8657     2.1343 
  6      0.1844    3.4472     1.5528 
  7      0.3048    8.6446     2.3554 
  8      0.1285    0.6073     0.3927 
  9      0.0057    0.0000     0.0000 
 Null    0.0415 


Locus: LIST2018
=================================
Population: Pop1
-----------------------------------------
Allele   Freq.     Homoz.     Null Heter.
  1      0.0213    0.0000     0.0000 
  2      0.0818    0.3789     0.6211 
  3      0.1301    2.4625     2.5375 
  4      0.0619    0.6315     1.3685 
  5      0.0948    0.8285     1.1715 
  6      0.0948    0.8285     1.1715 
  7      0.1778    3.4203     2.5797 
  8      0.1739    1.6940     1.3060 
  9      0.0532    0.0000     0.0000 
  10     0.0160    0.0000     0.0000 
  11     0.0110    0.0761     0.9239 
  12     0.0053    0.0000     0.0000 
  13     0.0110    0.0761     0.9239 
 Null    0.0670 


Locus: VMA3
=================================
Population: Pop1
-----------------------------------------
Allele   Freq.     Homoz.     Null Heter.
  1      0.0057    0.0183     0.9817 
  2      0.0170    0.0529     0.9471 
  3      0.2639    6.5108     7.4892 
  4      0.4434    17.8063    12.1937
  5      0.0452    0.1295     0.8705 
  6      0.0056    0.0000     0.0000 
  7      0.0111    0.0000     0.0000 
  8      0.0564    0.1567     0.8433 
 Null    0.1518 


Locus: LIST2004
=================================
Population: Pop1
-----------------------------------------
Allele   Freq.     Homoz.     Null Heter.
  1      0.0144    0.0513     0.9487 
  2      0.0144    0.0513     0.9487 
  3      0.0070    0.0000     0.0000 
  4      0.4368    13.0298    7.9702 
  5      0.1864    2.4654     3.5346 
  6      0.0211    0.0000     0.0000 
  7      0.0648    0.1951     0.8049 
  8      0.0704    0.0000     0.0000 
  9      0.0282    0.0000     0.0000 
  10     0.0228    0.2357     2.7643 
 Null    0.1336 


Locus: LIST2001
=================================
Population: Pop1
-----------------------------------------
Allele   Freq.     Homoz.     Null Heter.
  1      0.0054    0.0000     0.0000 
  2      0.0054    0.0000     0.0000 
  3      0.0598    0.0000     0.0000 
  4      0.0272    0.0000     0.0000 
  5      0.1017    1.7105     1.2895 
  6      0.0109    0.0000     0.0000 
  7      0.0844    0.5239     0.4761 
  8      0.1766    3.4862     1.5138 
  9      0.1033    0.0000     0.0000 
  10     0.1313    3.1567     1.8433 
  11     0.0678    0.4692     0.5308 
  12     0.0116    0.1313     0.8687 
  13     0.0217    0.0000     0.0000 
  14     0.0678    0.4692     0.5308 
  15     0.0489    0.0000     0.0000 
  16     0.0326    0.0000     0.0000 
  17     0.0054    0.0000     0.0000 
 Null    0.0383 


Locus: LIST2011
=================================
Population: Pop1
-----------------------------------------
Allele   Freq.     Homoz.     Null Heter.
  1      0.0076    0.0493     0.9507 
  2      0.1339    0.4771     0.5229 
  3      0.0072    0.0000     0.0000 
  4      0.7627    40.2563    7.7437 
  5      0.0152    0.0937     0.9063 
 Null    0.0734 


Locus: VMA6
=================================
Population: Pop1
-----------------------------------------
Allele   Freq.     Homoz.     Null Heter.
  1      0.0241    0.0000     0.0000 
  2      0.0422    0.0000     0.0000 
  3      0.0316    0.2459     0.7541 
  4      0.0503    0.3415     0.6585 
  5      0.0422    0.0000     0.0000 
  6      0.1720    2.5589     1.4411 
  7      0.1635    3.1394     1.8606 
  8      0.1886    3.3029     1.6971 
  9      0.0602    0.0000     0.0000 
  10     0.1408    2.3693     1.6307 
  11     0.0241    0.0000     0.0000 
  12     0.0060    0.0000     0.0000 
  13     0.0060    0.0000     0.0000 
 Null    0.0484 


Locus: R1.169
=================================
Population: Pop1
-----------------------------------------
Allele   Freq.     Homoz.     Null Heter.
  1      0.0054    0.0443     0.9557 
  2      0.4512    20.6386    5.3614 
  3      0.1014    0.4638     0.5362 
  4      0.0104    0.0000     0.0000 
  5      0.0156    0.0000     0.0000 
  6      0.0677    0.0000     0.0000 
  7      0.0104    0.0000     0.0000 
  8      0.0163    0.1218     0.8782 
  9      0.0324    0.2164     0.7836 
  10     0.0824    0.8257     1.1743 
  11     0.0537    0.3143     0.6857 
  12     0.0208    0.0000     0.0000 
  13     0.0260    0.0000     0.0000 
  14     0.0104    0.0000     0.0000 
  15     0.0104    0.0000     0.0000 
  16     0.0104    0.0000     0.0000 
  17     0.0163    0.1218     0.8782 
 Null    0.0586 


Locus: LIST2017
=================================
Population: Pop1
-----------------------------------------
Allele   Freq.     Homoz.     Null Heter.
  1      0.0052    0.0000     0.0000 
  2      0.0319    0.1197     0.8803 
  3      0.0156    0.0000     0.0000 
  4      0.0053    0.0222     0.9778 
  5      0.7667    58.2107    17.7893
  6      0.0425    0.1534     0.8466 
  7      0.0052    0.0000     0.0000 
  8      0.0104    0.0000     0.0000 
 Null    0.1172 


Locus: Rufa19
=================================
Population: Pop1
-----------------------------------------
Allele   Freq.     Homoz.     Null Heter.
  1      0.0057    0.0000     0.0000 
  2      0.0115    0.0000     0.0000 
  3      0.0254    0.4260     0.5740 
  4      0.0115    0.0000     0.0000 
  5      0.0287    0.0000     0.0000 
  6      0.0553    0.6172     0.3828 
  7      0.1252    0.7851     0.2149 
  8      0.0729    0.6801     0.3199 
  9      0.4071    13.8351    1.1649 
  10     0.1763    1.6744     0.3256 
  11     0.0632    0.0000     0.0000 
 Null    0.0171 



(Locus by population) table of estimated null allele frequencies
================================================================
Locus:     Populations (! names truncated to 6 characters):
           Pop1   
           -----------------------------------------------------
LIST2007   0.1282 
LIST2003   0.0795 
LIST2013   0.0415 
LIST2018   0.0670 
VMA3       0.1518 
LIST2004   0.1336 
LIST2001   0.0383 
LIST2011   0.0734 
VMA6       0.0484 
R1.169     0.0586 
LIST2017   0.1172 
Rufa19     0.0171 
================================================================


Confidence intervals for null allele frequencies
=================================================
                       Frequency   0.0250   0.9750 
Locus      Population   estimate   bound    bound
-------------------------------------------------
LIST2007   Pop1        0.1282     0.0725  0.1926  
LIST2003   Pop1        0.0795     0.0356  0.1499  
LIST2013   Pop1        0.0415     0.0004  0.1041  
LIST2018   Pop1        0.0670     0.0294  0.1200  
VMA3       Pop1        0.1518     0.0859  0.2355  
LIST2004   Pop1        0.1336     0.0726  0.2189  
LIST2001   Pop1        0.0383     0.0071  0.0877  
LIST2011   Pop1        0.0734     0.0139  0.1639  
VMA6       Pop1        0.0484     0.0084  0.1058  
R1.169     Pop1        0.0586     0.0222  0.1147  
LIST2017   Pop1        0.1172     (No info for CI)
Rufa19     Pop1        0.0171     0.0000  0.0705  
=================================================

Normal ending.
