Genepop 4.7.5
Maximum likelihood estimation of null allele frequency

EM algorithm (Dempster, Laird and Rubin, 1977)

File: Data/09b_BWS_Data_50_NoSibs_2018_GenePop.txt (Title line:"")

Number of populations detected : 1
Number of loci detected        : 13


Locus: LIST2007
=================================
Population: Pop1
-----------------------------------------
Allele   Freq.     Homoz.     Null Heter.
  1      0.0028    0.0000     0.0000 
  2      0.0084    0.0000     0.0000 
  3      0.1264    3.2524     3.7476 
  4      0.0880    1.5066     2.4934 
  5      0.6931    85.1130    17.8870
  6      0.0028    0.0192     0.9808 
  7      0.0057    0.0376     0.9624 
 Null    0.0728 


Locus: LIST2003
=================================
Population: Pop1
-----------------------------------------
Allele   Freq.     Homoz.     Null Heter.
  1      0.0201    0.0000     0.0000 
  2      0.0243    0.4707     1.5293 
  3      0.3434    19.5075    4.4925 
  4      0.0570    0.8377     1.1623 
  5      0.2081    9.4201     3.5799 
  6      0.0482    0.7569     1.2431 
  7      0.1013    2.2461     1.7539 
  8      0.0086    0.0000     0.0000 
  9      0.0489    0.0000     0.0000 
  10     0.0287    0.0000     0.0000 
  11     0.0115    0.0000     0.0000 
  12     0.0201    0.0000     0.0000 
  13     0.0029    0.0000     0.0000 
  14     0.0172    0.0000     0.0000 
  15     0.0172    0.0000     0.0000 
  16     0.0029    0.0000     0.0000 
 Null    0.0395 


Locus: LIST2013
=================================
Population: Pop1
-----------------------------------------
Allele   Freq.     Homoz.     Null Heter.
  1      0.0032    0.0213     0.9787 
  2      0.0032    0.0213     0.9787 
  3      0.0063    0.0000     0.0000 
  4      0.2959    10.7015    5.2985 
  5      0.1918    7.3695     5.6305 
  6      0.3419    15.3998    6.6002 
  7      0.0781    0.0000     0.0000 
  8      0.0032    0.0213     0.9787 
  9      0.0032    0.0213     0.9787 
 Null    0.0733 


Locus: LIST2018
=================================
Population: Pop1
-----------------------------------------
Allele   Freq.     Homoz.     Null Heter.
  1      0.0329    0.7230     4.2770 
  2      0.0597    0.4697     1.5303 
  3      0.1568    3.1239     3.8761 
  4      0.0378    0.3254     1.6746 
  5      0.1205    2.2951     3.7049 
  6      0.1013    1.0272     1.9728 
  7      0.1831    9.6964     10.3036
  8      0.1244    1.5601     2.4399 
  9      0.0399    0.0000     0.0000 
  10     0.0123    0.0000     0.0000 
  11     0.0031    0.0000     0.0000 
  12     0.0062    0.0310     0.9690 
  13     0.0123    0.0000     0.0000 
  14     0.0061    0.0000     0.0000 
  15     0.0062    0.0310     0.9690 
 Null    0.0973 


Locus: VMA3
=================================
Population: Pop1
-----------------------------------------
Allele   Freq.     Homoz.     Null Heter.
  1      0.3819    22.6317    16.3683
  2      0.3562    19.7134    15.2866
  3      0.0614    0.9092     4.0908 
  4      0.0065    0.0000     0.0000 
  5      0.0032    0.0000     0.0000 
  6      0.0032    0.0000     0.0000 
  7      0.0133    0.0918     1.9082 
  8      0.0361    0.1156     0.8844 
 Null    0.1381 


Locus: LIST2001
=================================
Population: Pop1
-----------------------------------------
Allele   Freq.     Homoz.     Null Heter.
  1      0.0028    0.0000     0.0000 
  2      0.0714    0.5612     1.4388 
  3      0.0262    0.3755     2.6245 
  4      0.1136    2.6812     4.3188 
  5      0.0201    0.1979     1.8021 
  6      0.0435    0.5762     2.4238 
  7      0.2340    11.7838    9.2162 
  8      0.1121    1.1396     1.8604 
  9      0.0607    0.7475     2.2525 
  10     0.0579    0.7207     2.2793 
  11     0.0056    0.0000     0.0000 
  12     0.0283    0.1339     0.8661 
  13     0.0693    0.8242     2.1758 
  14     0.0600    0.4940     1.5060 
  15     0.0028    0.0000     0.0000 
 Null    0.0915 


Locus: LIST2011
=================================
Population: Pop1
-----------------------------------------
Allele   Freq.     Homoz.     Null Heter.
  1      0.1389    3.0000     0.0000 
  2      0.0028    0.0000     0.0000 
  3      0.8583    132.0000    0.0000 
 Null    0.0000 


Locus: VMA6
=================================
Population: Pop1
-----------------------------------------
Allele   Freq.     Homoz.     Null Heter.
  1      0.0289    0.2179     1.7821 
  2      0.0357    0.1310     0.8690 
  3      0.0176    0.0000     0.0000 
  4      0.0176    0.0000     0.0000 
  5      0.0469    0.3311     1.6689 
  6      0.2227    8.2424     8.7576 
  7      0.2026    5.5353     6.4647 
  8      0.1381    2.2110     3.7890 
  9      0.0361    0.2650     1.7350 
  10     0.1173    1.3261     2.6739 
  11     0.0181    0.1422     1.8578 
 Null    0.1183 


Locus: R1.169
=================================
Population: Pop1
-----------------------------------------
Allele   Freq.     Homoz.     Null Heter.
  1      0.0088    0.1289     0.8711 
  2      0.5003    41.1195    4.8805 
  3      0.0749    1.6736     1.3264 
  4      0.0204    0.2555     0.7445 
  5      0.0253    0.0000     0.0000 
  6      0.0661    0.5267     0.4733 
  7      0.0056    0.0000     0.0000 
  8      0.0056    0.0000     0.0000 
  9      0.0562    0.0000     0.0000 
  10     0.0876    1.1921     0.8079 
  11     0.0261    0.3056     0.6944 
  12     0.0562    0.0000     0.0000 
  13     0.0169    0.0000     0.0000 
  14     0.0028    0.0000     0.0000 
  15     0.0175    0.2275     0.7725 
 Null    0.0297 


Locus: LIST2017
=================================
Population: Pop1
-----------------------------------------
Allele   Freq.     Homoz.     Null Heter.
  1      0.0028    0.0000     0.0000 
  2      0.0088    0.1136     1.8864 
  3      0.0114    0.0000     0.0000 
  4      0.0058    0.0379     0.9621 
  5      0.8035    115.8311    21.1689
  6      0.0942    1.1727     1.8273 
 Null    0.0734 


Locus: Rufa19
=================================
Population: Pop1
-----------------------------------------
Allele   Freq.     Homoz.     Null Heter.
  1      0.0079    0.0755     1.9245 
  2      0.0038    0.0000     0.0000 
  3      0.0038    0.0000     0.0000 
  4      0.0038    0.0000     0.0000 
  5      0.0038    0.0000     0.0000 
  6      0.0038    0.0000     0.0000 
  7      0.0796    0.8482     2.1518 
  8      0.0155    0.0715     0.9285 
  9      0.1192    2.2273     3.7727 
  10     0.0796    0.8482     2.1518 
  11     0.3161    12.8152    8.1848 
  12     0.1629    2.6794     3.3206 
  13     0.0992    0.9884     2.0116 
 Null    0.1009 


Locus: D3.15
=================================
Population: Pop1
-----------------------------------------
Allele   Freq.     Homoz.     Null Heter.
  1      0.0940    1.4420     1.5580 
  2      0.0316    0.2375     0.7625 
  3      0.3955    21.4839    5.5161 
  4      0.0713    0.8252     1.1748 
  5      0.0034    0.0000     0.0000 
  6      0.0211    0.1723     0.8277 
  7      0.0657    1.1783     1.8217 
  8      0.0205    0.0000     0.0000 
  9      0.0106    0.0945     0.9055 
  10     0.0281    0.2170     0.7830 
  11     0.0651    0.0000     0.0000 
  12     0.0411    0.0000     0.0000 
  13     0.0360    0.5239     1.4761 
  14     0.0274    0.0000     0.0000 
  15     0.0342    0.0000     0.0000 
  16     0.0034    0.0000     0.0000 
 Null    0.0508 


Locus: VMA4
=================================
Population: Pop1
-----------------------------------------
Allele   Freq.     Homoz.     Null Heter.
  1      0.0042    0.0000     0.0000 
  2      0.0355    0.5123     4.4877 
  3      0.0169    0.0515     0.9485 
  4      0.0127    0.0392     0.9608 
  5      0.0042    0.0000     0.0000 
  6      0.0128    0.0793     1.9207 
  7      0.3423    14.1533    12.8467
  8      0.0375    0.0000     0.0000 
  9      0.1526    3.6231     7.3769 
  10     0.1159    0.8150     2.1850 
  11     0.0303    0.2664     2.7336 
  12     0.0458    0.0000     0.0000 
  13     0.0299    0.1756     1.8244 
  14     0.0042    0.0000     0.0000 
 Null    0.1554 



(Locus by population) table of estimated null allele frequencies
================================================================
Locus:     Populations (! names truncated to 6 characters):
           Pop1   
           -----------------------------------------------------
LIST2007   0.0728 
LIST2003   0.0395 
LIST2013   0.0733 
LIST2018   0.0973 
VMA3       0.1381 
LIST2001   0.0915 
LIST2011   0.0000 
VMA6       0.1183 
R1.169     0.0297 
LIST2017   0.0734 
Rufa19     0.1009 
D3.15      0.0508 
VMA4       0.1554 
================================================================


Confidence intervals for null allele frequencies
=================================================
                       Frequency   0.0250   0.9750 
Locus      Population   estimate   bound    bound
-------------------------------------------------
LIST2007   Pop1        0.0728     0.0325  0.1223  
LIST2003   Pop1        0.0395     0.0122  0.0772  
LIST2013   Pop1        0.0733     0.0368  0.1242  
LIST2018   Pop1        0.0973     0.0641  0.1377  
VMA3       Pop1        0.1381     0.0891  0.1969  
LIST2001   Pop1        0.0915     0.0603  0.1298  
LIST2011   Pop1        0.0000     (No info for CI)
VMA6       Pop1        0.1183     0.0764  0.1716  
R1.169     Pop1        0.0297     0.0077  0.0654  
LIST2017   Pop1        0.0734     0.0303  0.1281  
Rufa19     Pop1        0.1009     0.0595  0.1550  
D3.15      Pop1        0.0508     0.0222  0.0917  
VMA4       Pop1        0.1554     0.1088  0.2115  
=================================================

Normal ending.
