"03_COLONY_BWS17.txt"        !Dataset name
"BWS17_colony_results"       !Output file name
105                          ! Number of offspring in the sample
12                           ! Number of loci
1234                         ! Seed for random number generator
0                            ! 0/1=Not updating/updating allele frequency
2                            ! 2/1=Dioecious/Monoecious species
1                            ! 0/1=No inbreeding/inbreeding
1                            ! 0/1=Diploid species/HaploDiploid species
1  0                         ! 0/1=Polygamy/Monogamy for males & females
0                            ! 0/1=Clone inference =No/Yes
1                            ! 0/1=Full sibship size scaling =No/Yes
0 1.0 1.0                    ! 0,1,2,3=No,weak,medium,strong sibship size prior; mean paternal & maternal sibship size
0                            ! 0/1=Unknown/Known population allele frequency
3         ! Number of runs
3         ! Length of run
0         ! 0/1=Monitor method by Iterate#/Time in second
100000    ! Monitor interval in Iterate# / in seconds
0         ! non-Windows version
1         ! Fulllikelihood
3         ! 1/2/3=low/medium/high Precision for Fulllikelihood

LIST2007 LIST2003 LIST2013 LIST2018 VMA3 LIST2004 LIST2001 LIST2011 VMA6 R1169 LIST2017 Rufa19 !Marker names
0 0 0 0 0 0 0 0 0 0 0 0 0                                                                      !Marker types, 0/1 = codominant/dominant
0.011 0.011 0.011 0.011 0.011 0.011 0.011 0.011 0.011 0.011 0.011 0.011                        ! Allelic dropout rates (here, unknown)
0.008 0.035 0.004 0.028 0.039 0.026 0.032 0.009 0.086 0.065 0.011 0.019                        ! Other typing errors (here, weighted between both DNA extraction methods)


12 148 148 199 201 201 201 140 140 257 257 155 155 145 157 132 138 266 288 146 172 158 158 218 218 0 0 0 0
45 148 148 197 199 201 210 142 142 259 259 0 0 137 159 0 0 282 286 146 166 158 158 218 218 0 0 0 0
68 146 148 199 205 204 207 138 138 257 271 155 170 149 159 138 138 278 280 160 166 158 160 212 222 0 0 0 0
0078F 148 148 0 0 0 0 152 152 0 0 0 0 151 151 132 138 0 0 146 146 158 158 0 0 146 168 0 0
89 148 148 197 201 201 210 140 146 257 259 155 173 139 147 138 138 274 280 146 160 154 158 214 218 0 0 0 0
110 148 148 201 201 204 207 132 132 259 271 155 164 147 147 132 138 266 276 146 146 158 158 214 222 0 0 0 0
124 147 148 199 211 207 207 134 142 259 259 155 155 151 153 132 138 282 292 172 186 170 170 0 0 0 0 0 0
148 148 148 197 211 204 207 130 138 259 271 155 164 137 153 132 138 282 286 146 158 158 158 218 220 0 0 0 0
192 146 148 197 225 204 207 130 142 257 273 164 170 137 141 138 138 278 288 160 170 158 158 218 220 0 0 0 0
224 146 146 199 199 204 210 134 138 259 259 155 158 149 161 132 138 278 286 146 146 158 158 216 220 0 0 0 0
304 148 148 197 197 201 210 136 142 257 259 158 158 141 145 0 0 270 272 146 148 158 158 218 220 0 0 0 0
307 160 160 205 211 207 214 128 150 255 259 155 170 149 151 138 138 274 280 146 178 158 158 218 220 0 0 0 0
315 147 148 197 197 201 207 136 140 259 259 158 170 147 151 138 138 278 286 148 170 158 158 212 218 0 0 0 0
335 148 148 207 217 201 201 132 142 257 259 149 149 141 157 0 0 280 286 146 160 158 158 210 220 0 0 0 0
336 148 148 197 197 204 207 142 144 259 259 155 158 143 147 135 141 274 274 146 160 158 158 218 220 0 0 0 0
385 148 148 193 203 201 201 128 142 259 259 155 170 151 151 0 0 282 286 146 146 158 158 216 218 0 0 0 0
397 148 148 191 201 201 210 136 138 257 257 155 170 145 149 138 138 278 282 146 146 158 158 216 218 0 0 0 0
398 148 148 197 205 201 204 132 138 257 257 155 155 147 151 0 0 278 280 168 172 154 158 216 218 0 0 0 0
434 160 160 255 255 192 192 134 134 259 273 0 0 147 153 138 138 266 280 166 166 152 152 202 202 0 0 0 0
445 146 148 191 205 201 201 140 142 257 259 158 158 149 165 132 138 280 284 146 148 158 158 210 220 0 0 0 0
453 147 148 197 201 201 207 140 142 257 259 155 158 147 181 138 138 280 284 146 146 158 158 214 220 0 0 0 0
456 148 148 201 201 201 201 134 136 257 257 155 158 147 165 0 0 278 286 146 146 158 158 210 214 0 0 0 0
496 148 148 197 201 201 201 132 136 257 259 164 164 147 147 138 138 278 282 146 178 152 158 218 220 0 0 0 0
564 148 148 199 211 201 204 130 134 259 259 188 188 141 141 0 0 278 280 164 164 158 158 218 218 0 0 0 0
583 147 148 193 201 207 207 130 136 259 259 155 155 147 153 138 138 266 280 146 172 158 158 214 218 0 0 0 0
655 148 148 205 211 204 207 134 136 257 259 155 158 141 161 0 0 280 280 146 160 158 158 218 222 0 0 0 0
830 148 148 201 201 201 204 132 144 257 259 155 155 139 147 138 138 282 286 146 170 158 160 212 218 0 0 0 0
879 148 148 197 197 201 210 134 142 259 261 155 158 139 161 0 0 274 284 146 148 158 158 216 222 0 0 0 0
886 148 148 197 201 201 204 144 146 257 259 155 158 149 153 138 138 280 286 146 146 158 160 214 218 0 0 0 0
897 146 147 195 195 204 204 132 142 257 259 155 161 139 159 138 138 280 280 160 180 154 158 220 224 0 0 0 0
917 148 148 197 201 201 201 140 142 257 259 155 155 147 159 138 138 280 284 148 168 158 158 210 214 0 0 0 0
933 148 148 197 205 201 207 138 140 257 273 155 155 151 157 0 0 270 282 146 166 158 158 214 218 0 0 0 0
941 146 148 197 201 204 207 132 132 259 259 0 0 137 145 138 138 0 0 146 146 158 158 218 218 0 0 0 0
966 148 148 197 223 204 204 136 136 261 269 155 158 147 151 0 0 278 278 146 148 158 158 218 220 0 0 0 0
1028 146 148 201 207 201 207 142 142 257 257 155 155 137 147 138 138 280 280 148 170 158 158 218 224 0 0 0 0
1067 148 148 197 201 207 210 142 144 257 259 155 158 141 143 138 138 272 272 148 160 158 158 214 218 0 0 0 0
1071 148 148 191 197 198 207 128 142 259 259 155 155 145 149 138 144 272 280 146 164 158 158 214 218 0 0 0 0
1112 148 148 193 201 201 207 136 144 257 271 158 158 137 147 138 138 276 282 148 168 158 160 216 218 0 0 0 0
1285A 146 147 197 197 201 207 138 140 259 261 0 0 147 151 138 144 278 284 148 168 158 158 218 218 154 168 289 291
1285B 146 148 197 205 207 210 132 142 259 259 0 0 147 147 138 138 282 282 146 166 158 160 218 218 146 146 297 297
1285D 147 148 197 201 207 207 140 142 257 259 155 173 147 151 138 138 270 276 146 168 158 160 216 220 146 146 285 291
1285E 146 148 203 205 207 207 132 144 261 271 158 173 135 157 138 138 282 282 168 174 158 158 212 218 146 158 285 297
1285F 146 147 197 211 201 207 130 130 257 259 188 188 0 0 0 0 0 0 168 170 158 158 218 218 146 154 0 0
1285G 146 147 197 201 201 207 138 140 259 259 188 188 147 151 132 138 278 284 146 168 158 158 218 220 146 146 0 0
1285H 146 147 197 211 207 210 130 140 257 259 0 0 145 147 138 138 280 284 146 168 158 158 218 218 146 154 285 299
1285I 148 148 197 211 201 207 132 132 259 271 170 173 147 149 138 138 276 280 146 146 158 158 214 220 146 168 285 285
1287 148 148 197 241 0 0 134 142 257 257 0 0 0 0 0 0 0 0 146 146 152 158 218 218 0 0 0 0
1312 160 160 237 255 189 201 132 138 271 273 158 161 155 155 0 0 278 300 184 186 152 162 200 206 0 0 0 0
1326 148 148 191 197 207 207 132 132 257 259 0 0 147 165 0 0 278 280 146 168 158 158 218 220 0 0 0 0
1343 148 148 199 205 201 204 134 134 259 271 155 155 151 151 0 0 278 284 146 160 158 158 216 220 0 0 0 0
1353 148 148 197 203 201 207 128 130 257 259 155 155 141 145 138 138 274 284 146 146 158 158 218 218 0 0 0 0
1357 147 148 197 205 207 207 130 136 255 255 0 0 147 161 138 138 280 280 146 164 158 158 214 218 0 0 0 0
1362 146 148 197 211 201 207 138 144 257 257 155 155 141 151 138 144 272 274 146 146 158 158 218 218 0 0 0 0
1391 148 148 201 205 204 210 140 148 243 243 152 164 139 149 0 0 282 288 162 170 158 158 214 218 0 0 0 0
1409 148 148 197 201 201 207 138 140 257 271 155 155 141 149 132 132 282 282 168 170 158 158 218 222 0 0 0 0
1424 147 147 213 217 204 204 130 142 259 259 158 158 145 159 0 0 278 286 146 148 158 158 214 218 0 0 0 0
1424C 148 148 197 197 0 0 132 140 259 259 0 0 149 153 132 138 0 0 166 168 158 158 0 0 144 162 0 0
1424E 148 148 191 197 204 204 136 142 259 259 0 0 145 159 138 138 0 0 146 146 158 158 218 218 146 146 0 0
1424F 147 147 191 191 204 219 0 0 0 0 0 0 141 141 138 138 0 0 146 146 158 158 210 218 146 146 0 0
1424G 147 148 191 211 0 0 130 138 259 259 0 0 145 149 138 138 0 0 146 148 158 158 0 0 146 146 0 0
1432 147 148 197 201 201 207 132 142 259 259 155 164 147 151 138 138 278 282 146 146 158 158 218 220 0 0 0 0
1442 148 148 197 205 201 210 136 142 259 261 155 158 145 161 132 138 282 288 148 168 158 160 214 218 0 0 0 0
1450 146 148 191 203 207 207 130 140 257 259 155 158 0 0 0 0 0 0 146 158 158 158 212 220 0 0 0 0
1476 146 148 197 203 201 204 132 142 259 261 158 158 141 141 138 138 278 278 148 160 158 158 218 222 0 0 0 0
1519 148 148 197 201 201 201 138 140 257 259 155 155 137 151 138 138 278 286 146 160 158 158 218 222 0 0 0 0
1568 148 148 215 225 207 207 144 146 257 257 155 170 151 151 138 138 284 286 146 146 158 158 214 220 0 0 0 0
1579 148 148 197 197 207 210 0 0 0 0 0 0 141 147 138 138 280 280 148 148 158 158 214 218 0 0 0 0
1614 148 148 197 197 207 210 136 140 257 257 0 0 137 149 132 138 270 274 146 146 158 158 214 224 0 0 0 0
1617 160 160 241 241 201 210 134 138 273 273 0 0 149 161 0 0 282 286 186 194 152 166 200 202 0 0 0 0
1621 148 148 197 201 201 210 136 140 259 261 155 155 147 147 138 144 276 282 146 174 158 158 214 218 0 0 0 0
1825 148 148 191 197 201 210 136 142 259 259 155 155 141 147 0 0 282 282 148 162 144 158 214 220 0 0 0 0
1829 148 148 191 197 201 207 132 142 259 259 155 155 153 159 0 0 276 282 146 154 158 158 212 216 0 0 0 0
1836 160 172 255 255 183 192 138 138 273 273 158 161 155 165 129 129 286 300 174 184 152 166 202 206 0 0 0 0
1868 158 160 197 197 0 0 136 136 255 265 143 149 0 0 0 0 274 282 0 0 0 0 194 202 0 0 0 0
1900 148 148 197 205 204 207 142 142 259 259 155 164 147 161 138 138 282 286 148 170 158 158 216 216 0 0 0 0
1923 148 148 193 211 201 204 130 140 259 259 158 170 141 177 138 138 278 280 146 170 158 158 216 218 0 0 0 0
1924 146 146 197 213 207 207 132 132 259 259 0 0 149 159 132 138 270 282 146 168 158 158 218 218 0 0 0 0
1938 148 148 197 201 201 204 142 152 259 259 200 200 151 165 138 138 278 280 146 160 158 158 220 220 0 0 0 0
1945 148 148 201 211 204 210 132 136 257 259 155 155 137 153 138 138 286 286 146 154 158 158 212 220 0 0 0 0
2016 148 148 201 201 201 210 140 144 257 259 0 0 159 161 0 0 282 282 146 148 158 158 218 220 0 0 0 0
2066 148 148 199 201 207 210 130 140 257 257 0 0 141 145 0 0 280 282 146 180 158 158 218 218 0 0 0 0
3027 147 148 193 201 207 210 138 140 257 269 155 155 145 149 0 0 278 282 146 146 158 158 220 222 0 0 0 0
3051 148 148 197 197 207 207 140 140 259 259 155 155 153 153 138 138 286 286 168 168 158 158 218 218 0 0 0 0
3056 148 148 197 199 204 207 140 140 259 259 155 158 145 147 138 138 278 284 168 168 156 156 212 212 0 0 0 0
3079 148 148 201 203 210 210 140 142 261 273 155 170 141 149 132 138 278 278 146 146 158 158 214 220 0 0 0 0
3093 148 148 197 201 201 201 138 144 257 257 0 0 151 153 0 0 278 286 146 146 158 158 218 222 0 0 0 0
3129A 148 148 0 0 0 0 130 140 0 0 0 0 139 151 132 138 0 0 148 174 158 158 0 0 146 146 0 0
3129B 148 148 197 201 0 0 148 160 0 0 0 0 159 132 138 138 0 0 146 146 160 160 0 0 146 158 0 0
3129C 148 148 197 197 0 0 138 142 0 0 0 0 145 145 138 138 0 0 146 146 158 158 0 0 160 168 0 0
3129F 148 148 197 201 0 0 130 140 0 0 0 0 151 151 132 138 0 0 148 174 158 158 0 0 146 168 0 0
3129G 148 148 197 201 0 0 130 140 0 0 0 0 151 151 132 138 0 0 148 174 158 158 0 0 146 146 0 0
3129H 148 148 197 201 0 0 130 140 259 259 143 143 151 159 132 138 0 0 146 174 158 158 0 0 146 164 0 0
3129J 146 147 201 201 201 207 140 140 0 0 0 0 137 151 132 138 270 270 148 168 158 158 0 0 156 164 285 285
3129K 148 148 197 197 201 204 130 140 259 259 0 0 151 151 132 138 0 0 144 146 158 158 0 0 146 168 285 285
3129L 147 148 197 201 0 0 132 140 0 0 0 0 159 159 132 138 0 0 144 144 158 158 0 0 146 168 0 0
3129N 146 147 201 201 207 207 140 140 0 0 0 0 0 0 141 141 0 0 146 146 158 158 0 0 0 0 0 0
3129O 148 148 197 197 201 204 0 0 259 259 0 0 151 151 138 138 270 282 146 174 158 158 0 0 146 168 273 273
3129P 146 147 201 201 201 207 140 140 259 259 0 0 137 151 138 138 270 282 148 168 158 158 218 220 156 164 285 285
3129Q 147 148 201 201 201 207 140 140 259 259 0 0 135 159 138 138 0 0 148 168 158 158 212 218 156 164 285 285
3141 148 148 197 205 201 207 140 142 257 259 155 164 153 161 132 138 286 286 146 160 158 158 218 222 0 0 0 0
3144 148 148 201 201 207 210 132 142 257 259 155 158 141 147 132 138 280 286 146 146 158 158 218 218 0 0 0 0
3167 148 148 199 201 204 210 140 140 261 271 155 164 149 165 138 138 278 286 170 170 158 158 212 218 0 0 0 0
3174 148 148 197 197 204 207 132 134 259 259 0 0 151 153 138 138 278 282 146 148 158 158 216 218 0 0 0 0
3177 148 148 197 205 201 204 130 132 257 257 155 155 147 149 138 138 276 284 146 158 158 158 218 220 0 0 0 0
3271 148 148 201 213 201 201 130 140 257 259 158 158 137 145 0 0 272 290 146 146 158 158 220 222 0 0 0 0


0 0 ! Probabilities of parents in samples
0 0 ! Number candidate males and females
0 0 ! Number known paternity
0 0 ! Number known maternity
0 ! Known paternal sibships
0 ! Known maternal sibships
0 ! Known excluded paternity
0 ! Known excluded maternity
0 ! Excluded paternal sibships
0 ! Excluded maternal sibshipss
