
"04_COLONY_BWS18.txt"     !Dataset name
"BWS18_colony_results"       !Output file name
196                          ! Number of offspring in the sample
13                           ! Number of loci
1234                         ! Seed for random number generator
0                            ! 0/1=Not updating/updating allele frequency
2                            ! 2/1=Dioecious/Monoecious species
1                            ! 0/1=No inbreeding/inbreeding
1                            ! 0/1=Diploid species/HaploDiploid species
1  0                         ! 0/1=Polygamy/Monogamy for males & females
0                            ! 0/1=Clone inference =No/Yes
1                            ! 0/1=Full sibship size scaling =No/Yes
0 1.0 1.0                    ! 0,1,2,3=No,weak,medium,strong sibship size prior; mean paternal & maternal sibship size
0                            ! 0/1=Unknown/Known population allele frequency
3         ! Number of runs
3         ! Length of run
0         ! 0/1=Monitor method by Iterate#/Time in second
100000    ! Monitor interval in Iterate# / in seconds
0         ! non-Windows version
1         ! Fulllikelihood
3         ! 1/2/3=low/medium/high Precision for Fulllikelihood

LIST2007 LIST2003 LIST2013 LIST2018 VMA3 LIST2001 LIST2011 VMA6 R1169 LIST2017 Rufa19 D315 VMA4 !Marker names
0 0 0 0 0 0 0 0 0 0 0 0 0                                                                      !Marker types, 0/1 = codominant/dominant
0.011 0.011 0.011 0.011 0.011 0.011 0.011 0.011 0.011 0.011 0.011 0.011 0.011                       ! Allelic dropout rates (here, unknown)
0.035 0.07 0.018 0.04 0.086 0.055 0.039 0.039 0.115 0.048 0.083 0.098 0.018                      ! Other typing errors (here, weighted between both DNA extraction methods)

0079C 148 148 197 205 201 207 138 140 257 271 147 147 138 138 276 286 146 178 158 160 214 220 144 162 285 291
0079D 148 148 197 197 201 207 132 138 257 259 141 149 138 138 278 286 146 170 158 158 210 218 162 170 289 289
0079E 146 148 197 197 204 207 140 140 0 0 149 159 138 138 270 270 166 172 158 158 192 194 0 0 0 0
0079G 146 148 197 199 201 207 132 154 257 257 137 147 138 138 280 286 146 168 158 158 210 218 148 162 277 277
0082A 148 148 201 203 204 207 140 142 259 261 141 147 138 138 286 286 162 178 158 158 218 218 142 154 285 285
0082B 148 148 197 213 204 204 134 142 257 259 139 149 138 138 266 280 146 148 158 160 218 218 142 146 273 273
0082C 146 148 201 227 201 207 128 128 259 259 149 149 138 138 0 0 146 146 158 158 212 212 142 148 0 0
0082D 148 148 197 227 204 204 138 142 257 259 149 161 138 144 278 282 168 172 154 160 0 0 0 0 0 0
0121B 148 148 203 203 0 0 0 0 259 259 147 151 132 138 0 0 160 168 158 158 222 224 0 0 0 0
0121C 147 148 205 221 201 201 132 136 257 259 151 151 138 138 274 280 146 146 158 158 216 220 146 164 289 291
0147A 0 0 197 227 201 201 138 138 261 263 147 159 138 138 0 0 168 172 158 158 0 0 0 0 0 0
0147B 148 148 205 211 201 207 132 140 257 259 151 161 138 138 274 278 146 146 158 158 210 222 146 146 0 0
0147D 148 148 197 205 204 207 138 142 0 0 153 165 138 144 290 290 146 146 158 158 0 0 0 0 0 0
0167A 148 148 197 213 207 210 132 132 271 271 149 151 138 138 282 286 146 172 158 160 214 218 146 168 289 289
0167B 146 148 197 211 204 210 136 144 259 261 137 147 138 138 270 280 168 170 158 158 218 222 146 146 293 293
0167C 146 148 201 215 201 204 140 142 259 269 141 159 132 138 278 286 146 166 158 158 218 224 142 170 285 289
0188C 148 148 201 211 201 207 138 140 257 259 143 147 138 138 272 282 146 166 158 158 218 222 0 0 0 0
0188D 148 148 191 197 201 201 140 140 257 257 139 159 138 138 280 280 146 160 158 158 210 218 0 0 0 0
0309A 148 148 197 213 204 204 132 136 257 257 141 149 138 138 280 282 146 168 158 158 210 218 146 156 285 285
0309C 148 148 197 205 201 210 136 140 259 259 147 153 132 138 278 284 146 174 158 158 210 220 146 156 289 289
0309D 148 148 0 0 219 219 142 142 0 0 141 141 138 138 278 278 148 168 158 158 0 0 156 156 0 0
0309E 148 148 197 197 201 201 132 136 261 263 141 149 138 138 280 282 146 168 160 160 0 0 156 156 0 0
0519A 148 148 201 201 207 207 130 132 257 259 139 165 138 138 0 0 160 168 158 158 0 0 146 148 0 0
0519B 146 148 201 217 207 207 130 142 259 259 145 157 138 138 0 0 148 168 158 158 0 0 146 164 289 293
0519H 148 148 197 203 201 207 136 136 259 259 147 151 138 138 274 282 146 146 158 158 220 222 146 172 285 291
0519I 148 148 201 203 0 0 0 0 257 257 147 151 138 138 0 0 146 172 158 158 0 0 0 0 0 0
0535C 146 148 197 197 201 207 136 140 257 259 147 149 138 138 0 0 146 172 158 158 210 216 0 0 0 0
0535D 146 148 197 197 201 207 132 138 259 273 147 165 138 138 276 278 146 168 158 158 218 222 0 0 0 0
0625A 148 148 201 205 201 204 138 138 257 257 137 141 138 144 282 286 146 168 158 158 218 222 148 172 0 0
0625B 147 148 197 197 201 201 140 144 257 261 137 145 138 138 270 280 146 146 158 158 218 222 146 166 285 291
0625C 148 148 197 197 207 210 132 146 257 259 139 145 132 138 282 284 146 160 160 160 210 212 146 146 285 289
0625D 147 148 197 197 201 207 132 152 257 257 147 161 138 138 278 282 160 160 158 158 210 210 146 164 285 289
0645B 146 148 197 197 0 0 140 140 0 0 147 153 138 138 0 0 146 160 158 158 0 0 172 172 0 0
0645C 146 146 197 197 0 0 128 128 0 0 145 145 132 138 0 0 146 146 158 158 0 0 142 146 0 0
0645D 147 147 197 201 0 0 128 136 269 269 161 161 138 138 0 0 148 148 158 160 0 0 142 156 0 0
0645E 147 148 197 205 207 207 140 140 259 259 147 153 138 138 0 0 146 160 158 158 0 0 146 146 0 0
0645F 147 148 205 205 0 0 140 140 259 259 137 137 138 138 0 0 146 146 158 158 0 0 146 146 0 0
0645H 147 147 0 0 0 0 140 140 0 0 147 153 138 138 0 0 146 160 158 158 0 0 172 172 0 0
0645I 146 148 197 197 207 207 140 140 257 259 147 159 138 138 0 0 146 148 158 158 0 0 164 172 0 0
0645J 147 148 197 201 201 207 128 128 257 261 149 161 138 138 284 284 146 148 158 160 220 220 168 168 285 285
0645M 147 147 197 201 201 210 128 144 259 259 147 161 132 138 270 278 146 160 158 158 220 220 146 164 285 285
0645N 146 148 197 205 207 207 140 140 259 259 147 153 138 138 270 286 160 166 158 158 214 220 146 172 285 303
0645O 146 148 197 201 201 207 132 142 259 259 147 161 132 138 286 286 146 166 158 160 0 0 166 168 279 291
1029C 148 148 197 217 201 201 132 142 259 259 141 161 138 138 0 0 158 172 158 158 0 0 0 0 291 291
1029D 146 148 201 211 204 210 136 138 259 259 147 161 138 144 0 0 146 146 158 158 0 0 0 0 0 0
1029G 146 146 205 205 0 0 132 142 0 0 135 137 138 138 0 0 148 148 158 158 0 0 0 0 0 0
1187A 148 148 193 211 201 204 138 142 257 257 151 165 138 144 278 278 146 172 158 158 218 222 146 148 291 291
1187B 146 148 197 215 198 201 134 136 257 257 137 141 132 138 278 288 146 146 158 158 220 220 142 146 285 289
1187C 148 148 197 211 201 210 138 142 257 257 141 165 132 144 278 278 146 172 158 158 218 222 148 156 291 291
1187D 148 148 197 199 207 210 140 140 259 259 141 147 132 138 280 282 146 160 154 158 216 220 0 0 0 0
1187E 146 146 203 215 204 204 132 132 257 257 147 157 138 138 266 286 146 160 158 158 220 222 142 142 287 289
1314A 146 146 201 201 204 207 0 0 0 0 147 147 138 138 282 286 146 146 158 158 218 220 148 148 287 291
1314B 146 148 197 205 204 204 138 142 259 259 145 145 0 0 0 0 146 170 158 158 220 222 148 172 285 289
1314C 148 148 201 217 207 207 130 144 257 259 141 159 138 144 280 280 146 168 158 158 210 218 146 146 289 289
1314D 146 148 197 211 201 207 132 136 257 271 147 151 138 144 278 278 146 166 158 158 218 218 142 166 285 289
1314E 148 148 197 201 204 210 140 142 257 259 147 147 138 138 0 0 146 146 158 158 218 218 144 148 285 287
1319A 146 148 197 197 207 210 138 142 257 259 137 149 138 138 266 266 146 168 158 158 214 214 146 148 285 289
1319B 148 148 197 197 207 210 138 142 257 259 145 147 138 138 278 286 148 166 158 158 218 218 0 0 289 289
1326A 146 148 197 211 201 207 140 140 259 259 149 151 132 138 270 284 146 146 158 158 220 220 146 164 285 289
1326B 148 148 197 201 201 207 132 136 259 261 147 149 132 132 270 276 146 172 158 160 214 220 146 168 285 295
1326C 146 148 201 201 201 207 136 142 257 271 147 147 138 138 280 286 146 168 158 158 216 218 146 164 285 285
1326D 147 147 197 205 207 207 130 140 259 259 147 147 132 138 270 280 146 146 158 158 220 222 146 168 293 297
1326E 147 148 201 201 207 207 132 132 259 271 147 163 138 138 270 278 146 172 158 158 214 218 144 146 297 297
1326F 148 148 197 201 0 0 0 0 0 0 147 147 138 138 0 0 146 146 158 158 0 0 142 142 0 0
1326I 148 148 197 197 204 207 130 138 0 0 147 149 138 138 270 282 146 178 158 158 214 220 146 156 0 0
1337A 147 148 197 197 201 204 136 136 257 259 149 161 138 138 282 284 0 0 0 0 0 0 146 164 289 295
1337B 148 148 193 201 201 207 132 138 257 259 147 147 138 138 278 278 146 158 158 158 216 218 142 146 285 291
1337C 148 148 201 205 201 204 140 140 261 273 141 147 138 138 278 278 146 176 158 158 218 220 146 172 285 285
1600A 148 148 197 211 204 207 138 142 257 257 137 159 138 138 280 286 146 146 158 158 218 220 146 158 285 289
1600B 148 148 197 205 201 207 132 138 257 257 137 157 138 138 278 280 146 166 158 160 214 216 148 168 285 285
1600C 146 148 197 197 207 207 0 0 257 259 147 153 138 138 278 278 148 172 158 158 218 220 154 164 285 291
1630A 148 148 199 213 201 201 136 142 259 259 147 147 132 138 276 276 146 146 158 158 0 0 142 146 295 301
1630B 146 146 197 227 201 201 134 138 257 257 147 147 138 138 278 278 0 0 158 158 0 0 146 146 285 285
1630C 0 0 0 0 0 0 134 142 259 261 141 151 138 138 0 0 146 146 158 158 0 0 0 0 285 285
1711A 146 148 205 213 204 210 140 146 257 257 137 149 138 138 280 280 146 146 158 158 0 0 142 148 273 273
1711B 146 146 197 217 204 204 140 140 259 271 137 149 138 138 266 286 146 154 158 158 218 220 146 166 273 285
1711C 148 148 197 201 0 0 128 128 0 0 145 145 138 138 0 0 146 146 158 158 0 0 0 0 0 0
1711D 148 148 191 197 204 207 130 132 257 259 0 0 138 138 280 282 0 0 158 158 0 0 146 150 303 303
1711E 148 148 197 197 213 213 0 0 259 259 141 141 138 138 290 290 0 0 158 158 0 0 0 0 285 285
1715A 146 148 197 201 201 207 130 136 257 259 147 149 138 138 276 280 146 168 158 158 214 216 146 148 277 291
1715B 146 148 191 197 201 207 130 136 259 259 141 149 138 138 278 280 146 146 158 158 214 216 146 148 277 291
1715C 142 148 201 201 204 204 140 142 259 273 147 161 138 138 278 278 146 164 158 158 216 218 146 164 285 285
1715D 147 148 197 205 207 207 138 142 257 257 137 141 138 144 286 286 148 166 158 158 214 218 146 168 289 289
1715E 148 148 201 211 207 207 130 130 259 259 147 161 138 138 278 286 146 148 158 158 214 222 146 172 285 285
1718C 146 148 197 207 201 207 142 146 257 259 157 161 132 138 272 278 146 146 158 158 222 222 0 0 0 0
1718D 148 148 199 213 201 204 130 132 257 257 141 141 138 138 282 282 146 168 158 158 220 222 0 0 0 0
1726A 148 148 191 199 201 207 136 136 257 259 147 149 132 138 278 280 146 154 158 158 218 222 146 148 285 285
1726B 148 148 201 211 207 207 134 140 0 0 147 157 138 138 280 282 146 146 158 158 0 0 0 0 285 285
1783A 148 148 193 193 0 0 0 0 0 0 149 153 132 138 0 0 146 154 158 158 0 0 146 146 0 0
1783B 146 148 205 217 201 207 134 136 257 259 137 141 138 138 278 290 146 146 158 158 218 220 142 146 285 291
1783C 148 148 193 201 201 201 136 140 257 259 153 159 138 138 278 280 146 168 158 158 210 218 146 148 285 295
1783D 148 148 193 197 201 207 132 136 257 257 149 151 132 138 276 278 146 172 158 158 218 222 148 170 291 295
1783E 147 148 197 201 198 207 140 140 257 257 139 147 138 138 272 286 146 174 158 158 214 216 146 162 285 291
2008C 148 148 205 217 204 207 138 140 257 259 151 161 138 138 280 282 166 172 158 158 210 218 164 170 285 295
2008D 137 147 205 205 201 207 132 138 259 261 137 147 138 138 278 282 146 166 158 160 216 218 146 146 289 289
2008E 148 148 197 213 201 201 136 138 257 259 141 145 138 138 0 0 146 160 158 158 218 218 146 170 285 285
2008F 148 148 201 201 0 0 0 0 257 257 147 147 132 138 280 280 146 146 158 158 0 0 0 0 0 0
2008G 148 148 199 211 207 207 142 142 257 259 141 153 132 138 282 284 146 168 158 158 218 218 146 146 0 0
2008H 146 148 197 201 201 204 140 144 257 257 147 147 138 138 278 282 146 158 158 158 220 220 146 154 285 285
2009A 148 148 197 221 201 204 132 136 257 259 137 151 138 138 280 280 142 146 158 158 218 218 142 146 285 295
2033A 148 148 201 213 201 204 132 140 259 259 0 0 0 0 0 0 162 166 158 158 214 216 146 146 285 291
2069C 148 148 191 229 207 210 132 136 257 257 141 161 138 138 266 280 146 146 158 158 214 218 0 0 0 0
2069D 148 148 197 201 201 210 130 136 259 259 141 141 138 138 0 0 168 172 158 158 210 214 0 0 0 0
2122C 146 148 201 201 204 204 132 140 257 259 139 147 138 138 278 284 146 146 158 160 216 216 146 164 0 0
2122D 146 148 201 207 204 204 130 132 257 257 141 147 138 138 278 278 146 146 158 160 216 218 0 0 0 0
2159A 148 148 197 227 201 210 132 138 257 257 147 147 138 138 280 280 160 168 158 160 216 218 146 156 285 287
2159B 146 148 197 221 201 207 144 152 257 257 145 147 138 138 276 288 146 160 158 160 218 220 146 156 285 287
2159C 148 148 197 211 201 207 140 144 257 257 143 151 138 138 282 286 146 146 158 158 218 220 146 166 279 279
2159D 146 148 221 227 201 207 132 152 257 257 145 147 138 138 276 288 146 160 158 160 218 220 146 156 287 287
2159E 146 146 197 221 201 201 140 140 257 259 145 151 138 138 266 278 166 172 158 158 218 222 142 146 289 291
2193A 148 148 0 0 192 192 0 0 0 0 147 149 138 138 0 0 146 168 158 158 0 0 144 144 0 0
2193B 148 148 205 205 201 204 134 142 257 271 147 153 132 138 274 282 146 166 158 158 218 218 162 162 285 285
2193C 148 148 197 211 201 204 130 132 259 273 147 149 138 138 280 286 146 146 158 158 218 218 144 158 283 285
2193D 148 148 193 199 201 201 134 136 257 261 149 159 132 138 278 280 146 172 158 158 218 218 146 156 285 285
2341B 147 148 197 203 204 204 140 140 257 259 137 141 138 138 282 282 168 168 158 158 218 218 146 146 0 0
2341C 148 148 201 205 201 207 136 138 273 273 141 151 138 138 272 280 146 148 158 160 216 220 146 166 291 295
2351A 148 148 197 203 201 207 140 140 257 261 155 159 138 138 278 278 146 160 158 160 218 218 154 172 285 289
2366A 148 148 0 0 0 0 0 0 0 0 153 153 138 138 0 0 146 146 158 158 0 0 142 144 285 287
2366B 148 148 0 0 0 0 0 0 257 257 149 149 132 138 0 0 146 154 156 158 0 0 146 146 0 0
2366C 148 148 201 201 207 207 136 136 257 271 153 165 138 144 278 282 146 178 158 158 214 214 144 164 277 285
2366D 146 147 197 203 201 207 140 140 257 265 139 153 138 138 284 288 146 178 158 158 214 214 146 166 285 285
2409A 148 148 201 203 204 204 132 142 257 259 159 159 138 138 278 280 146 160 158 158 0 0 142 142 0 0
2423C 147 148 197 211 201 207 134 138 257 259 147 151 138 138 280 282 146 146 158 158 214 218 146 146 287 289
2423D 148 148 197 197 207 210 136 142 257 257 143 159 138 144 280 286 146 146 158 158 218 220 0 0 289 289
2423E 148 161 197 197 207 207 0 0 0 0 159 159 132 138 278 286 154 154 158 160 214 214 0 0 0 0
2448B 147 148 197 197 207 207 150 160 0 0 149 159 138 138 278 286 168 168 152 154 214 216 156 164 289 291
2448C 148 148 197 197 201 207 160 166 0 0 159 165 138 138 0 0 160 174 158 160 220 220 156 168 289 297
2448E 147 148 197 197 201 207 150 166 0 0 149 165 138 138 278 282 160 174 158 160 220 220 168 168 285 297
2448F 147 148 197 201 207 207 148 154 0 0 147 153 138 138 0 0 166 168 158 160 0 0 146 146 285 285
2448G 148 148 197 197 0 0 150 150 0 0 149 165 138 138 0 0 160 174 158 160 0 0 146 156 0 0
2448H 148 148 197 197 201 207 160 166 0 0 159 165 138 138 278 286 146 174 158 160 218 220 156 168 285 297
2448I 148 148 197 197 201 207 150 166 0 0 149 165 138 138 278 286 160 174 158 160 218 220 168 168 289 297
2811B 148 148 201 201 201 207 136 140 259 261 149 159 0 0 0 0 146 158 158 158 0 0 142 146 285 289
2811C 148 148 197 201 204 207 136 136 257 257 145 149 138 138 278 280 146 146 158 158 216 216 142 158 285 285
2811D 148 148 201 201 0 0 130 140 257 261 147 151 132 138 0 0 158 172 158 158 0 0 164 170 0 0
2811E 148 148 197 201 204 207 138 142 257 259 147 157 138 138 282 282 146 148 158 158 218 220 146 166 285 303
2856A 148 148 199 205 201 204 0 0 0 0 151 151 132 138 278 278 146 160 158 158 0 0 154 154 273 277
2856B 148 148 197 201 201 204 0 0 257 259 145 153 138 138 278 278 146 174 158 160 214 214 144 170 291 295
2856C 148 148 199 203 201 204 0 0 257 259 141 147 138 138 266 280 146 168 158 158 218 220 146 170 273 181
2856E 148 148 197 201 201 210 0 0 257 259 137 159 138 138 280 282 146 170 158 158 218 218 0 0 0 0
3026A 142 148 191 211 207 207 128 132 259 273 137 151 138 144 278 280 146 166 154 158 218 220 146 154 285 295
3026B 147 148 197 227 204 207 138 142 259 273 137 141 138 138 280 286 146 174 158 158 218 220 0 0 0 0
3253A 147 148 197 213 201 201 132 132 257 259 141 143 132 138 282 286 146 160 158 160 210 214 146 156 291 291
3280A 147 148 197 213 204 204 132 138 259 259 141 141 138 138 280 282 146 146 158 158 218 222 146 166 285 303
3280B 148 148 205 219 204 207 140 144 257 257 137 159 132 138 282 282 146 160 158 158 212 220 146 146 289 293
3601C 148 148 201 201 201 204 128 142 259 259 157 159 132 138 278 278 146 160 158 158 218 222 0 0 0 0
3601D 148 148 0 0 0 0 130 140 257 259 141 159 138 138 284 284 146 146 158 158 224 224 0 0 0 0
3760C 161 161 193 241 0 0 138 138 273 273 153 155 0 0 0 0 178 180 152 152 200 204 158 174 283 283
4249A 147 148 201 203 204 207 132 136 259 259 157 157 132 138 282 282 146 174 158 158 214 220 148 164 287 295
4316A 148 148 203 211 201 207 140 140 261 261 139 165 138 138 276 280 146 172 158 160 210 220 0 0 285 285
4316B 148 148 201 205 201 201 144 146 259 259 137 165 138 138 276 280 146 146 158 158 214 218 146 182 289 289
4316C 148 148 201 207 201 204 0 0 0 0 147 165 138 144 276 280 146 148 158 158 214 222 146 146 293 293
4316D 148 148 197 211 201 204 136 140 261 261 149 161 132 138 266 290 146 146 158 158 218 218 0 0 0 0
4316E 148 172 201 203 201 207 136 144 261 261 157 159 138 138 280 280 146 146 158 158 214 222 0 0 0 0
4542C 147 148 197 205 201 207 130 142 257 257 147 147 132 138 276 276 146 164 158 158 210 210 0 0 0 0
5457A 148 148 197 205 201 201 136 142 259 259 147 159 138 138 272 286 168 172 158 158 218 218 156 164 285 287
5597A 148 148 199 199 207 210 0 0 261 261 141 161 132 138 288 288 146 170 158 158 0 0 0 0 279 291
5597B 148 148 197 201 201 201 130 132 259 259 141 153 132 138 282 282 146 168 158 158 210 218 156 172 281 291
5597C 148 148 197 197 204 210 130 130 259 271 145 161 132 138 280 282 158 166 158 160 214 218 146 146 285 285
5597D 148 148 201 205 201 207 130 142 259 259 147 149 138 138 0 0 146 148 158 158 0 0 146 146 0 0
5637A 147 148 203 203 201 207 142 142 257 257 147 159 138 138 280 280 146 148 158 160 218 222 146 148 285 293
5637C 146 148 201 221 207 210 132 140 257 257 143 149 132 138 0 0 154 172 158 158 222 222 146 146 285 291
5637D 146 147 191 201 207 210 132 142 0 0 137 147 138 138 0 0 148 168 158 158 0 0 0 0 0 0
5637E 147 148 197 203 0 0 140 140 0 0 141 147 138 138 0 0 146 148 158 160 0 0 0 0 0 0
5637G 147 148 203 203 0 0 140 140 0 0 0 0 138 138 0 0 146 148 158 160 0 0 148 148 0 0
5912A 147 148 199 205 204 207 140 140 259 269 149 159 132 138 280 286 146 160 158 160 216 218 146 146 285 297
5912B 148 148 197 205 207 207 130 142 257 257 149 161 132 138 276 278 146 166 158 158 218 220 142 146 285 291
5912C 0 0 0 0 0 0 140 140 269 269 0 0 138 138 278 278 148 160 158 160 216 216 142 146 289 289
5912D 147 147 193 197 207 207 132 132 0 0 147 147 132 138 0 0 146 166 156 156 0 0 146 148 0 0
5912E 148 148 197 205 207 207 130 142 257 257 145 161 132 138 274 278 142 146 158 158 0 0 146 154 0 0
5954B 0 0 0 0 216 216 132 132 257 257 0 0 138 138 0 0 146 146 158 158 0 0 144 146 283 283
5954C 148 148 197 197 0 0 0 0 0 0 147 147 138 138 0 0 148 148 158 158 0 0 148 148 0 0
5954D 148 148 199 199 0 0 134 134 259 259 161 161 138 144 0 0 0 0 0 0 0 0 146 146 0 0
5954E 151 151 199 205 0 0 134 134 0 0 0 0 132 138 0 0 0 0 0 0 214 214 160 160 0 0
6136A 148 148 197 201 204 210 128 140 257 259 137 157 132 138 280 280 142 146 158 158 218 218 142 146 285 289
6136B 148 148 197 203 204 207 132 138 257 273 137 153 138 138 278 286 146 146 152 152 188 188 0 0 293 293
6136C 147 148 197 201 207 210 136 144 259 273 145 151 132 144 276 282 146 146 0 0 0 0 146 158 297 297
6337A 148 148 197 197 189 189 140 140 0 0 137 153 138 138 280 280 146 146 158 158 210 210 156 156 273 273
6337B 146 148 205 217 201 207 142 142 257 257 141 153 138 138 278 286 160 166 158 158 218 218 156 166 273 273
6337C 148 148 197 215 207 210 140 142 259 267 147 165 138 138 280 280 146 154 158 158 218 218 146 164 273 273
6337D 146 148 197 221 207 207 128 128 257 259 147 147 138 138 278 278 158 168 144 160 0 0 146 148 0 0
6337E 146 148 201 227 204 207 132 140 257 259 147 149 138 138 274 280 146 170 160 160 188 188 146 146 0 0
6382C 146 148 199 205 201 207 136 138 257 259 149 153 138 138 280 286 146 146 158 158 208 220 156 164 289 291
6382E 148 148 197 201 201 207 132 142 257 257 147 153 132 138 276 282 160 170 158 158 214 220 146 162 289 297
6382F 0 0 0 0 0 0 0 0 257 257 143 143 132 138 282 284 170 170 158 158 0 0 158 172 0 0
6382G 142 148 197 201 201 204 138 140 259 273 141 149 132 138 278 280 146 158 158 162 0 0 146 168 0 0
6514C 148 148 197 199 201 204 132 140 257 273 141 149 138 138 278 280 146 148 158 158 218 218 142 160 285 291
6514E 148 148 193 199 201 207 142 152 257 259 149 161 138 138 278 280 146 148 158 158 212 220 142 146 289 289
6514F 148 148 197 201 207 207 140 140 257 259 145 147 132 138 278 286 168 170 158 158 210 220 146 146 285 285
6514G 148 148 201 201 0 0 136 136 0 0 151 151 138 138 0 0 146 148 0 0 210 216 142 160 285 291
6514H 148 148 201 201 204 207 138 144 0 0 147 147 138 138 288 288 146 158 158 158 218 222 146 146 0 0
6546B 148 148 199 205 204 204 142 144 257 271 139 165 132 138 286 286 142 142 0 0 0 0 146 162 0 0
6546C 148 148 197 199 201 204 0 0 0 0 147 165 138 138 278 278 146 146 158 158 0 0 146 166 0 0
6706A 147 148 201 205 207 210 132 152 257 257 141 165 138 138 280 280 146 148 0 0 0 0 146 146 0 0
6706B 146 148 199 201 207 207 132 134 257 271 141 147 138 144 0 0 146 146 0 0 0 0 162 166 0 0
6723B 148 148 0 0 0 0 132 132 0 0 143 143 135 138 0 0 146 148 158 158 0 0 146 146 0 0

0 0 ! Probabilities of parents in samples
0 0 ! Number candidate males and females
0 0 ! Number known paternity
0 0 ! Number known maternity
0 ! Known paternal sibships
0 ! Known maternal sibships
0 ! Known excluded paternity
0 ! Known excluded maternity
0 ! Excluded paternal sibships
0 ! Excluded maternal sibshipss

