

----------------------------------------------------
STRUCTURE by Pritchard, Stephens and Donnelly (2000)
     and Falush, Stephens and Pritchard (2003)
       Code by Pritchard, Falush and Hubisz
             Version 2.3.4 (Jul 2012)
----------------------------------------------------



Command line arguments:   ./structure -m mainparams_bws17_k6 
Input File:    bws17_structure.txt

Run parameters:
   97 individuals
   12 loci
   6 populations assumed
   10000 Burn-in period
   20000 Reps


--------------------------------------------
Proportion of membership of each pre-defined
 population in each of the 6 clusters

Given    Inferred Clusters                            Number of
 Pop       1      2      3      4      5      6      Individuals

  1:     0.111  0.268  0.071  0.084  0.235  0.231       15
  2:     0.068  0.221  0.050  0.204  0.214  0.242       21
  3:     0.105  0.224  0.010  0.186  0.193  0.282       22
  4:     0.074  0.260  0.103  0.193  0.177  0.193       10
  5:     0.087  0.258  0.099  0.118  0.215  0.223       12
  6:     0.487  0.169  0.005  0.111  0.088  0.141       17
--------------------------------------------

Allele-freq. divergence among pops (Net nucleotide distance),
computed using point estimates of P.

      1       2       3       4       5       6      
 1      -    0.0343  0.1839  0.0323  0.0350  0.0361  
 2   0.0343     -    0.1606  0.0092  0.0041  0.0040  
 3   0.1839  0.1606     -    0.1184  0.1498  0.1543  
 4   0.0323  0.0092  0.1184     -    0.0066  0.0082  
 5   0.0350  0.0041  0.1498  0.0066     -    0.0073  
 6   0.0361  0.0040  0.1543  0.0082  0.0073     -    

Average distances (expected heterozygosity) between individuals in same cluster:
cluster  1  : 0.6223 
cluster  2  : 0.6450 
cluster  3  : 0.7354 
cluster  4  : 0.7437 
cluster  5  : 0.6709 
cluster  6  : 0.6545 

--------------------------------------------
Estimated Ln Prob of Data   = -3538.2
Mean value of ln likelihood = -3114.4
Variance of ln likelihood   = 847.7
Mean value of alpha         = 0.0435

Mean value of Fst_1         = 0.1783
Mean value of Fst_2         = 0.0916
Mean value of Fst_3         = 0.2542
Mean value of Fst_4         = 0.0024
Mean value of Fst_5         = 0.0820
Mean value of Fst_6         = 0.0852


Inferred ancestry of individuals:
        Label (%Miss) Pop:  Inferred clusters
  1       12    (0)    1 :  0.065 0.152 0.005 0.213 0.183 0.382 
  2       45   (16)    2 :  0.200 0.244 0.007 0.097 0.145 0.307 
  3       68    (0)    3 :  0.013 0.034 0.013 0.374 0.218 0.348 
  4    0078F   (50)    6 :  0.276 0.041 0.005 0.080 0.241 0.356 
  5       89    (0)    4 :  0.022 0.313 0.004 0.241 0.129 0.291 
  6      110    (0)    4 :  0.089 0.438 0.004 0.038 0.017 0.414 
  7      124    (8)    2 :  0.061 0.014 0.013 0.755 0.103 0.052 
  8      148    (0)    4 :  0.157 0.222 0.006 0.184 0.134 0.297 
  9      192    (0)    4 :  0.027 0.059 0.007 0.470 0.240 0.198 
 10      224    (0)    3 :  0.047 0.047 0.012 0.124 0.328 0.443 
 11      304    (8)    3 :  0.024 0.483 0.003 0.011 0.464 0.015 
 12      307    (0)    3 :  0.009 0.016 0.026 0.839 0.087 0.022 
 13      315    (0)    5 :  0.254 0.268 0.004 0.093 0.142 0.239 
 14      335    (8)    2 :  0.029 0.120 0.005 0.436 0.285 0.124 
 15      336    (0)    5 :  0.035 0.320 0.003 0.220 0.380 0.042 
 16      385    (8)    3 :  0.046 0.211 0.004 0.101 0.242 0.396 
 17      397    (0)    5 :  0.018 0.293 0.005 0.065 0.190 0.429 
 18      398    (8)    3 :  0.066 0.191 0.006 0.220 0.115 0.402 
 19      434    (8)    2 :  0.007 0.010 0.955 0.009 0.006 0.012 
 20      445    (0)    2 :  0.070 0.209 0.006 0.158 0.285 0.273 
 21      453    (0)    1 :  0.129 0.369 0.004 0.075 0.190 0.233 
 22      456    (8)    1 :  0.047 0.216 0.010 0.049 0.214 0.465 
 23      496    (0)    1 :  0.068 0.415 0.023 0.069 0.030 0.394 
 24      564    (8)    3 :  0.174 0.207 0.006 0.074 0.491 0.049 
 25      583    (0)    3 :  0.107 0.357 0.005 0.161 0.111 0.259 
 26      655    (8)    5 :  0.010 0.215 0.005 0.109 0.493 0.168 
 27      830    (0)    3 :  0.018 0.456 0.003 0.047 0.041 0.434 
 28      879    (8)    1 :  0.011 0.264 0.007 0.162 0.294 0.262 
 29      886    (0)    3 :  0.017 0.386 0.005 0.075 0.090 0.429 
 30      897    (0)    4 :  0.011 0.026 0.007 0.818 0.110 0.028 
 31      917    (0)    4 :  0.110 0.349 0.003 0.053 0.177 0.307 
 32      933    (8)    3 :  0.155 0.129 0.031 0.234 0.151 0.300 
 33      941   (16)    3 :  0.711 0.100 0.003 0.022 0.059 0.105 
 34      966    (8)    3 :  0.036 0.186 0.004 0.232 0.280 0.262 
 35     1028    (0)    5 :  0.030 0.302 0.004 0.247 0.234 0.183 
 36     1067    (0)    4 :  0.006 0.498 0.003 0.014 0.457 0.022 
 37     1071    (0)    1 :  0.011 0.412 0.003 0.073 0.469 0.031 
 38     1112    (0)    3 :  0.036 0.471 0.005 0.065 0.049 0.376 
 39    1285B    (8)    6 :  0.197 0.389 0.008 0.061 0.041 0.305 
 40    1285D    (0)    6 :  0.371 0.338 0.003 0.042 0.025 0.221 
 41    1285E    (0)    6 :  0.083 0.089 0.005 0.659 0.089 0.075 
 42    1285F   (25)    6 :  0.664 0.059 0.004 0.039 0.207 0.027 
 43    1285G    (0)    6 :  0.866 0.027 0.007 0.017 0.048 0.035 
 44    1285I    (0)    6 :  0.101 0.422 0.004 0.086 0.038 0.349 
 45     1287   (41)    5 :  0.027 0.276 0.174 0.074 0.244 0.205 
 46     1312    (8)    5 :  0.004 0.006 0.965 0.013 0.006 0.006 
 47     1326   (16)    4 :  0.294 0.275 0.006 0.063 0.088 0.274 
 48     1343    (8)    3 :  0.031 0.034 0.007 0.104 0.325 0.499 
 49     1353    (0)    3 :  0.019 0.425 0.003 0.027 0.428 0.097 
 50     1357    (8)    2 :  0.031 0.171 0.005 0.332 0.374 0.086 
 51     1362    (0)    4 :  0.025 0.415 0.004 0.045 0.415 0.096 
 52     1391    (8)    2 :  0.009 0.035 0.004 0.735 0.097 0.120 
 53     1409    (0)    2 :  0.119 0.147 0.005 0.085 0.165 0.478 
 54     1424    (8)    1 :  0.221 0.193 0.005 0.098 0.415 0.067 
 55    1424C   (33)    1 :  0.581 0.178 0.011 0.030 0.028 0.172 
 56    1424E   (16)    1 :  0.113 0.347 0.003 0.035 0.393 0.108 
 57    1424F   (33)    1 :  0.051 0.292 0.004 0.113 0.452 0.089 
 58    1424G   (33)    1 :  0.095 0.291 0.009 0.082 0.441 0.082 
 59     1432    (0)    6 :  0.431 0.260 0.003 0.017 0.029 0.260 
 60     1442    (0)    2 :  0.022 0.279 0.004 0.266 0.200 0.229 
 61     1450   (25)    5 :  0.179 0.224 0.005 0.256 0.191 0.146 
 62     1476    (0)    2 :  0.044 0.278 0.004 0.064 0.440 0.170 
 63     1519    (0)    2 :  0.044 0.166 0.004 0.027 0.174 0.585 
 64     1568    (0)    3 :  0.023 0.180 0.003 0.342 0.103 0.349 
 65     1579   (25)    2 :  0.013 0.443 0.004 0.031 0.396 0.113 
 66     1614    (8)    2 :  0.078 0.387 0.004 0.158 0.221 0.152 
 67     1617   (16)    1 :  0.005 0.007 0.961 0.011 0.008 0.009 
 68     1621    (0)    2 :  0.061 0.465 0.005 0.080 0.069 0.321 
 69     1825    (8)    2 :  0.015 0.345 0.005 0.250 0.227 0.159 
 70     1829    (8)    1 :  0.123 0.432 0.004 0.060 0.031 0.350 
 71     1836    (0)    4 :  0.003 0.002 0.984 0.004 0.003 0.003 
 72     1868   (41)    3 :  0.012 0.017 0.070 0.839 0.053 0.009 
 73     1900    (0)    2 :  0.048 0.311 0.004 0.077 0.110 0.450 
 74     1923    (0)    2 :  0.033 0.160 0.004 0.179 0.401 0.222 
 75     1924    (8)    6 :  0.935 0.015 0.004 0.014 0.015 0.019 
 76     1938    (0)    2 :  0.134 0.039 0.005 0.128 0.278 0.417 
 77     1945    (0)    5 :  0.077 0.408 0.004 0.056 0.072 0.384 
 78     2016   (16)    1 :  0.124 0.343 0.005 0.073 0.135 0.320 
 79     2066   (16)    5 :  0.041 0.345 0.004 0.135 0.294 0.182 
 80     3027    (8)    2 :  0.060 0.198 0.004 0.166 0.209 0.363 
 81     3051    (0)    3 :  0.566 0.218 0.004 0.008 0.009 0.195 
 82     3056    (0)    2 :  0.305 0.182 0.004 0.235 0.116 0.157 
 83     3079    (0)    5 :  0.012 0.242 0.011 0.091 0.233 0.411 
 84     3093   (16)    3 :  0.024 0.202 0.005 0.023 0.140 0.607 
 85    3129B   (41)    6 :  0.030 0.210 0.005 0.529 0.097 0.128 
 86    3129C   (41)    6 :  0.035 0.404 0.007 0.031 0.377 0.147 
 87    3129H   (25)    6 :  0.826 0.041 0.005 0.063 0.040 0.025 
 88    3129L   (41)    6 :  0.863 0.039 0.005 0.049 0.029 0.014 
 89    3129N   (41)    6 :  0.865 0.045 0.004 0.031 0.036 0.018 
 90    3129O   (25)    6 :  0.728 0.092 0.006 0.050 0.066 0.058 
 91    3129P    (8)    6 :  0.925 0.020 0.003 0.012 0.016 0.024 
 92     3141    (0)    3 :  0.051 0.210 0.005 0.068 0.155 0.510 
 93     3144    (0)    2 :  0.049 0.445 0.004 0.018 0.190 0.294 
 94     3167    (0)    1 :  0.021 0.106 0.005 0.121 0.244 0.503 
 95     3174    (8)    5 :  0.356 0.203 0.008 0.058 0.097 0.279 
 96     3177    (0)    6 :  0.092 0.373 0.004 0.102 0.097 0.333 
 97     3271    (8)    3 :  0.114 0.364 0.003 0.096 0.318 0.105 


Estimated Allele Frequencies in each cluster
First column gives estimated ancestral frequencies


Locus 1 : 
6 alleles
0.0% missing data
 148   (0.689) 0.542 0.845 0.203 0.687 0.772 0.850 
 146   (0.115) 0.230 0.060 0.034 0.116 0.093 0.074 
 147   (0.111) 0.215 0.079 0.031 0.111 0.108 0.057 
 160   (0.046) 0.007 0.009 0.638 0.048 0.016 0.011 
 172   (0.020) 0.003 0.004 0.087 0.019 0.006 0.004 
 158   (0.018) 0.003 0.004 0.007 0.019 0.006 0.004 

Locus 2 : 
18 alleles
1.0% missing data
 199   (0.071) 0.030 0.037 0.021 0.072 0.077 0.083 
 201   (0.151) 0.313 0.239 0.042 0.150 0.143 0.269 
 197   (0.252) 0.455 0.377 0.078 0.253 0.329 0.302 
 205   (0.097) 0.028 0.065 0.029 0.101 0.080 0.101 
 211   (0.075) 0.045 0.059 0.021 0.076 0.086 0.046 
 225   (0.027) 0.005 0.009 0.007 0.027 0.014 0.015 
 207   (0.021) 0.004 0.011 0.006 0.022 0.016 0.009 
 217   (0.026) 0.009 0.011 0.007 0.025 0.021 0.009 
 193   (0.041) 0.010 0.033 0.011 0.040 0.032 0.039 
 203   (0.039) 0.012 0.035 0.011 0.040 0.045 0.033 
 191   (0.058) 0.028 0.078 0.016 0.057 0.089 0.047 
 255   (0.016) 0.002 0.003 0.420 0.015 0.005 0.004 
 195   (0.025) 0.004 0.005 0.007 0.027 0.010 0.006 
 223   (0.019) 0.003 0.007 0.005 0.018 0.011 0.009 
 241   (0.018) 0.003 0.005 0.225 0.017 0.007 0.005 
 237   (0.016) 0.002 0.003 0.082 0.015 0.005 0.004 
 213   (0.029) 0.043 0.016 0.008 0.027 0.023 0.010 
 215   (0.018) 0.003 0.006 0.005 0.018 0.007 0.010 

Locus 3 : 
10 alleles
9.3% missing data
 201   (0.268) 0.257 0.323 0.261 0.264 0.302 0.373 
 210   (0.130) 0.042 0.165 0.125 0.129 0.145 0.144 
 204   (0.197) 0.151 0.167 0.058 0.200 0.229 0.196 
 207   (0.285) 0.527 0.306 0.085 0.290 0.265 0.257 
 214   (0.020) 0.004 0.004 0.006 0.020 0.007 0.005 
 192   (0.021) 0.003 0.004 0.273 0.020 0.006 0.005 
 198   (0.020) 0.004 0.012 0.006 0.019 0.017 0.005 
 189   (0.019) 0.003 0.004 0.088 0.018 0.006 0.004 
 219   (0.020) 0.005 0.010 0.006 0.019 0.016 0.006 
 183   (0.020) 0.004 0.004 0.092 0.019 0.006 0.005 

Locus 4 : 
14 alleles
3.1% missing data
 140   (0.147) 0.376 0.152 0.040 0.146 0.135 0.190 
 142   (0.164) 0.085 0.223 0.049 0.166 0.224 0.176 
 138   (0.102) 0.054 0.069 0.379 0.101 0.098 0.120 
 152   (0.024) 0.024 0.007 0.006 0.023 0.022 0.026 
 146   (0.028) 0.005 0.022 0.007 0.028 0.014 0.025 
 132   (0.110) 0.248 0.147 0.107 0.109 0.065 0.138 
 134   (0.073) 0.025 0.037 0.313 0.072 0.081 0.070 
 130   (0.083) 0.118 0.086 0.022 0.083 0.125 0.053 
 136   (0.107) 0.033 0.130 0.034 0.109 0.115 0.101 
 128   (0.037) 0.007 0.029 0.010 0.037 0.038 0.018 
 150   (0.017) 0.003 0.004 0.005 0.018 0.006 0.004 
 144   (0.063) 0.014 0.078 0.017 0.063 0.060 0.064 
 148   (0.026) 0.005 0.009 0.007 0.028 0.010 0.009 
 160   (0.019) 0.003 0.007 0.005 0.019 0.007 0.006 

Locus 5 : 
9 alleles
7.2% missing data
 257   (0.265) 0.123 0.353 0.084 0.265 0.314 0.358 
 259   (0.429) 0.805 0.492 0.202 0.426 0.490 0.432 
 271   (0.077) 0.024 0.051 0.104 0.076 0.045 0.083 
 273   (0.048) 0.010 0.016 0.554 0.047 0.026 0.026 
 255   (0.043) 0.008 0.015 0.016 0.046 0.032 0.013 
 261   (0.063) 0.015 0.049 0.018 0.063 0.057 0.056 
 269   (0.026) 0.006 0.012 0.007 0.026 0.017 0.018 
 243   (0.028) 0.005 0.007 0.007 0.030 0.011 0.010 
 265   (0.021) 0.004 0.005 0.008 0.021 0.007 0.005 

Locus 6 : 
11 alleles
26.8% missing data
 155   (0.414) 0.347 0.527 0.185 0.415 0.454 0.553 
 170   (0.087) 0.040 0.060 0.041 0.088 0.072 0.086 
 173   (0.046) 0.032 0.036 0.020 0.045 0.020 0.031 
 164   (0.077) 0.059 0.072 0.035 0.077 0.046 0.097 
 158   (0.189) 0.133 0.242 0.360 0.187 0.280 0.159 
 149   (0.039) 0.013 0.015 0.022 0.041 0.025 0.014 
 188   (0.035) 0.237 0.017 0.015 0.033 0.047 0.010 
 161   (0.033) 0.009 0.008 0.284 0.033 0.013 0.009 
 152   (0.021) 0.006 0.006 0.009 0.022 0.009 0.007 
 143   (0.032) 0.105 0.009 0.018 0.033 0.014 0.009 
 200   (0.026) 0.021 0.008 0.011 0.025 0.021 0.024 

Locus 7 : 
18 alleles
5.2% missing data
 145   (0.071) 0.059 0.115 0.021 0.070 0.133 0.061 
 157   (0.038) 0.013 0.016 0.013 0.040 0.022 0.025 
 137   (0.067) 0.091 0.063 0.020 0.066 0.051 0.063 
 159   (0.076) 0.174 0.054 0.023 0.077 0.056 0.050 
 149   (0.110) 0.085 0.090 0.124 0.111 0.100 0.119 
 151   (0.113) 0.255 0.078 0.034 0.115 0.109 0.159 
 139   (0.044) 0.008 0.028 0.013 0.046 0.025 0.030 
 147   (0.128) 0.133 0.235 0.120 0.127 0.112 0.197 
 153   (0.068) 0.095 0.069 0.103 0.067 0.035 0.085 
 141   (0.073) 0.028 0.137 0.021 0.073 0.197 0.070 
 161   (0.060) 0.015 0.044 0.103 0.059 0.063 0.060 
 143   (0.021) 0.004 0.020 0.006 0.020 0.025 0.005 
 165   (0.047) 0.021 0.022 0.107 0.045 0.035 0.047 
 181   (0.019) 0.006 0.010 0.005 0.018 0.010 0.008 
 135   (0.015) 0.004 0.004 0.004 0.016 0.005 0.004 
 155   (0.015) 0.002 0.003 0.272 0.014 0.005 0.003 
 177   (0.018) 0.004 0.006 0.005 0.018 0.013 0.008 
 132   (0.018) 0.003 0.007 0.005 0.018 0.007 0.006 

Locus 8 : 
6 alleles
28.9% missing data
 132   (0.142) 0.211 0.104 0.065 0.141 0.119 0.162 
 138   (0.730) 0.702 0.814 0.609 0.735 0.781 0.792 
 135   (0.024) 0.005 0.014 0.010 0.023 0.019 0.008 
 141   (0.038) 0.069 0.019 0.017 0.037 0.026 0.012 
 144   (0.040) 0.008 0.043 0.017 0.039 0.044 0.020 
 129   (0.026) 0.004 0.006 0.282 0.024 0.010 0.007 

Locus 9 : 
14 alleles
14.4% missing data
 266   (0.041) 0.015 0.027 0.096 0.040 0.019 0.030 
 288   (0.045) 0.012 0.018 0.012 0.046 0.027 0.027 
 282   (0.181) 0.284 0.187 0.145 0.184 0.123 0.201 
 286   (0.118) 0.122 0.128 0.217 0.116 0.106 0.191 
 278   (0.146) 0.171 0.129 0.132 0.145 0.191 0.216 
 280   (0.170) 0.076 0.184 0.134 0.174 0.227 0.143 
 274   (0.068) 0.018 0.071 0.022 0.070 0.084 0.030 
 276   (0.032) 0.025 0.066 0.009 0.031 0.014 0.054 
 292   (0.020) 0.005 0.004 0.006 0.020 0.008 0.005 
 270   (0.045) 0.173 0.035 0.013 0.044 0.033 0.020 
 272   (0.026) 0.008 0.070 0.007 0.025 0.078 0.009 
 284   (0.069) 0.078 0.063 0.020 0.068 0.068 0.063 
 300   (0.020) 0.004 0.004 0.181 0.019 0.007 0.005 
 290   (0.019) 0.008 0.012 0.005 0.018 0.013 0.006 

Locus 10 : 
18 alleles
1.0% missing data
 146   (0.316) 0.419 0.513 0.099 0.318 0.467 0.505 
 172   (0.039) 0.011 0.019 0.012 0.040 0.019 0.028 
 166   (0.047) 0.037 0.025 0.202 0.046 0.022 0.035 
 160   (0.080) 0.018 0.055 0.023 0.082 0.097 0.082 
 186   (0.028) 0.005 0.006 0.184 0.028 0.010 0.007 
 158   (0.028) 0.013 0.020 0.008 0.028 0.015 0.020 
 170   (0.070) 0.039 0.048 0.020 0.071 0.060 0.079 
 148   (0.093) 0.073 0.136 0.026 0.092 0.139 0.087 
 178   (0.029) 0.006 0.013 0.011 0.029 0.010 0.013 
 168   (0.072) 0.235 0.068 0.021 0.072 0.042 0.071 
 164   (0.030) 0.011 0.025 0.008 0.029 0.050 0.009 
 180   (0.027) 0.005 0.011 0.008 0.027 0.015 0.009 
 174   (0.045) 0.058 0.020 0.100 0.045 0.017 0.017 
 184   (0.017) 0.002 0.003 0.175 0.016 0.005 0.003 
 162   (0.026) 0.004 0.011 0.007 0.027 0.013 0.010 
 194   (0.017) 0.003 0.003 0.086 0.016 0.005 0.004 
 154   (0.017) 0.006 0.019 0.005 0.016 0.006 0.017 
 144   (0.019) 0.055 0.005 0.005 0.018 0.007 0.005 

Locus 11 : 
9 alleles
1.0% missing data
 158   (0.752) 0.933 0.870 0.210 0.753 0.897 0.870 
 160   (0.066) 0.021 0.066 0.018 0.066 0.030 0.062 
 154   (0.038) 0.007 0.016 0.010 0.038 0.016 0.020 
 170   (0.029) 0.006 0.006 0.008 0.031 0.012 0.008 
 152   (0.032) 0.006 0.013 0.490 0.030 0.012 0.014 
 162   (0.020) 0.003 0.004 0.082 0.019 0.006 0.004 
 166   (0.020) 0.003 0.004 0.169 0.019 0.006 0.004 
 144   (0.019) 0.003 0.009 0.005 0.018 0.010 0.007 
 156   (0.025) 0.019 0.011 0.007 0.025 0.011 0.011 

Locus 12 : 
12 alleles
10.3% missing data
 218   (0.318) 0.574 0.419 0.101 0.318 0.426 0.357 
 212   (0.068) 0.058 0.059 0.019 0.069 0.043 0.068 
 222   (0.067) 0.024 0.059 0.019 0.066 0.075 0.097 
 214   (0.118) 0.049 0.157 0.034 0.119 0.130 0.121 
 220   (0.182) 0.207 0.160 0.052 0.184 0.164 0.179 
 216   (0.081) 0.046 0.077 0.023 0.079 0.069 0.113 
 210   (0.042) 0.016 0.030 0.012 0.041 0.043 0.031 
 202   (0.029) 0.006 0.006 0.371 0.029 0.010 0.007 
 224   (0.035) 0.010 0.021 0.009 0.036 0.021 0.013 
 200   (0.020) 0.004 0.004 0.176 0.019 0.006 0.004 
 206   (0.021) 0.004 0.004 0.175 0.019 0.007 0.005 
 194   (0.020) 0.004 0.004 0.008 0.021 0.006 0.004 

Values of parameters used in structure:
DATAFILE=bws17_structure.txt,	OUTFILE=bws17_structurek6_results,	NUMINDS=97,	NUMLOCI=12,	MISSING=-9,	LABEL=1,	POPDATA=1,	POPFLAG=0,	PHENOTYPE=0,	EXTRACOLS=0,	MAXPOPS=6,	BURNIN=10000,	NUMREPS=20000,	USEPOPINFO=0,	INFERALPHA=1,	INFERLAMBDA=0,	POPSPECIFICLAMBDA=0,	POPALPHAS=0,	COMPUTEPROB=1,	NOADMIX=0,	ADMBURNIN=500,	UPDATEFREQ=100,	PRINTLIKES=0,	INTERMEDSAVE=0,	PRINTKLD=0,	PRINTNET=1,	PRINTLAMBDA=1,	ANCESTDIST=0,	NUMBOXES=1000,	ANCESTPINT=0.90000,	GENSBACK=2,	MIGRPRIOR=0.01000,	PRINTQHAT=0,	PRINTQSUM=1,	ALPHA=1.0000,	FREQSCORR=1,	FPRIORMEAN=0.0100,	FPRIORSD=0.0500,	ONEFST=0,	LAMBDA=1.0000,	UNIFPRIORALPHA=1,	ALPHAMAX=10.0000,	ALPHAPRIORA=1.0000,	ALPHAPRIORB=2.0000,	ALPHAPROPSD=0.0250,	STARTATPOPINFO=0,	RANDOMIZE=1,	LINKAGE=0,	METROFREQ=10,	REPORTHITRATE=0,	MARKOVPHASE=0,	PHASED=0,	PLOIDY=2,	PHASEINFO=0	LOCPRIOR=0, 	LOCPRIORINIT=1.000000, 	LOCDATA=0, 	LOCISPOP=1, 	LOCPRIORSTEP=0.100000, 	MAXLOCPRIOR=20.000000, 	SEED=1682096224,	
[STRAT parameters]:    NUMSIMSTATS=1000,	PHENOTYPECOL=-9,	POOLFREQ=10,	LOCUSxONLY=0,	EMERROR=0.00100,	MISSINGPHENO=-9,	