

----------------------------------------------------
STRUCTURE by Pritchard, Stephens and Donnelly (2000)
     and Falush, Stephens and Pritchard (2003)
       Code by Pritchard, Falush and Hubisz
             Version 2.3.4 (Jul 2012)
----------------------------------------------------



Command line arguments:   ./structure -m mainparams_bws17_k4_3 
Input File:    bws17_structure.txt

Run parameters:
   97 individuals
   12 loci
   4 populations assumed
   10000 Burn-in period
   20000 Reps


--------------------------------------------
Proportion of membership of each pre-defined
 population in each of the 4 clusters

Given    Inferred Clusters              Number of
 Pop       1      2      3      4      Individuals

  1:     0.315  0.238  0.256  0.190       15
  2:     0.285  0.230  0.249  0.236       21
  3:     0.258  0.244  0.292  0.206       22
  4:     0.230  0.250  0.229  0.291       10
  5:     0.295  0.213  0.273  0.220       12
  6:     0.190  0.430  0.219  0.160       17
--------------------------------------------

Allele-freq. divergence among pops (Net nucleotide distance),
computed using point estimates of P.

      1       2       3       4      
 1      -    0.0691  0.0604  0.0508  
 2   0.0691     -    0.0836  0.0737  
 3   0.0604  0.0836     -    0.0718  
 4   0.0508  0.0737  0.0718     -    

Average distances (expected heterozygosity) between individuals in same cluster:
cluster  1  : 0.6138 
cluster  2  : 0.5649 
cluster  3  : 0.5660 
cluster  4  : 0.8274 

--------------------------------------------
Estimated Ln Prob of Data   = -3561.2
Mean value of ln likelihood = -3277.0
Variance of ln likelihood   = 568.4
Mean value of alpha         = 0.5137

Mean value of Fst_1         = 0.2588
Mean value of Fst_2         = 0.3029
Mean value of Fst_3         = 0.3056
Mean value of Fst_4         = 0.0036


Inferred ancestry of individuals:
        Label (%Miss) Pop:  Inferred clusters
  1       12    (0)    1 :  0.138 0.127 0.524 0.211 
  2       45   (16)    2 :  0.255 0.410 0.224 0.111 
  3       68    (0)    3 :  0.177 0.160 0.223 0.441 
  4    0078F   (50)    6 :  0.213 0.129 0.531 0.126 
  5       89    (0)    4 :  0.172 0.178 0.374 0.276 
  6      110    (0)    4 :  0.087 0.591 0.222 0.100 
  7      124    (8)    2 :  0.106 0.214 0.099 0.581 
  8      148    (0)    4 :  0.209 0.446 0.192 0.153 
  9      192    (0)    4 :  0.319 0.144 0.151 0.387 
 10      224    (0)    3 :  0.351 0.152 0.297 0.200 
 11      304    (8)    3 :  0.575 0.109 0.258 0.058 
 12      307    (0)    3 :  0.144 0.083 0.117 0.655 
 13      315    (0)    5 :  0.317 0.386 0.207 0.090 
 14      335    (8)    2 :  0.242 0.091 0.199 0.467 
 15      336    (0)    5 :  0.321 0.199 0.204 0.276 
 16      385    (8)    3 :  0.294 0.210 0.372 0.125 
 17      397    (0)    5 :  0.314 0.102 0.511 0.074 
 18      398    (8)    3 :  0.165 0.297 0.340 0.198 
 19      434    (8)    2 :  0.039 0.054 0.034 0.873 
 20      445    (0)    2 :  0.449 0.093 0.319 0.139 
 21      453    (0)    1 :  0.284 0.236 0.360 0.121 
 22      456    (8)    1 :  0.224 0.101 0.571 0.103 
 23      496    (0)    1 :  0.119 0.441 0.239 0.201 
 24      564    (8)    3 :  0.687 0.074 0.118 0.121 
 25      583    (0)    3 :  0.259 0.378 0.186 0.177 
 26      655    (8)    5 :  0.557 0.082 0.236 0.124 
 27      830    (0)    3 :  0.096 0.467 0.317 0.120 
 28      879    (8)    1 :  0.402 0.120 0.308 0.170 
 29      886    (0)    3 :  0.222 0.227 0.417 0.134 
 30      897    (0)    4 :  0.142 0.093 0.072 0.692 
 31      917    (0)    4 :  0.264 0.317 0.344 0.076 
 32      933    (8)    3 :  0.107 0.286 0.373 0.234 
 33      941   (16)    3 :  0.228 0.555 0.154 0.063 
 34      966    (8)    3 :  0.409 0.129 0.241 0.222 
 35     1028    (0)    5 :  0.287 0.202 0.310 0.201 
 36     1067    (0)    4 :  0.478 0.098 0.310 0.113 
 37     1071    (0)    1 :  0.502 0.118 0.206 0.175 
 38     1112    (0)    3 :  0.210 0.405 0.242 0.142 
 39    1285B    (8)    6 :  0.121 0.691 0.090 0.098 
 40    1285D    (0)    6 :  0.096 0.615 0.200 0.089 
 41    1285E    (0)    6 :  0.092 0.405 0.076 0.427 
 42    1285F   (25)    6 :  0.467 0.307 0.110 0.115 
 43    1285G    (0)    6 :  0.248 0.411 0.254 0.088 
 44    1285I    (0)    6 :  0.198 0.480 0.178 0.144 
 45     1287   (41)    5 :  0.255 0.127 0.347 0.271 
 46     1312    (8)    5 :  0.034 0.032 0.033 0.901 
 47     1326   (16)    4 :  0.255 0.494 0.167 0.085 
 48     1343    (8)    3 :  0.285 0.128 0.416 0.171 
 49     1353    (0)    3 :  0.486 0.119 0.307 0.088 
 50     1357    (8)    2 :  0.434 0.167 0.136 0.263 
 51     1362    (0)    4 :  0.348 0.111 0.433 0.107 
 52     1391    (8)    2 :  0.073 0.141 0.136 0.650 
 53     1409    (0)    2 :  0.150 0.392 0.374 0.085 
 54     1424    (8)    1 :  0.575 0.106 0.131 0.187 
 55    1424C   (33)    1 :  0.094 0.692 0.122 0.092 
 56    1424E   (16)    1 :  0.601 0.179 0.159 0.061 
 57    1424F   (33)    1 :  0.614 0.081 0.142 0.163 
 58    1424G   (33)    1 :  0.613 0.104 0.179 0.105 
 59     1432    (0)    6 :  0.155 0.571 0.220 0.053 
 60     1442    (0)    2 :  0.359 0.250 0.201 0.190 
 61     1450   (25)    5 :  0.353 0.306 0.181 0.160 
 62     1476    (0)    2 :  0.611 0.112 0.176 0.101 
 63     1519    (0)    2 :  0.179 0.157 0.606 0.059 
 64     1568    (0)    3 :  0.141 0.116 0.482 0.261 
 65     1579   (25)    2 :  0.556 0.165 0.218 0.062 
 66     1614    (8)    2 :  0.192 0.220 0.433 0.156 
 67     1617   (16)    1 :  0.039 0.038 0.053 0.870 
 68     1621    (0)    2 :  0.157 0.446 0.268 0.130 
 69     1825    (8)    2 :  0.359 0.246 0.182 0.213 
 70     1829    (8)    1 :  0.158 0.630 0.116 0.095 
 71     1836    (0)    4 :  0.027 0.024 0.029 0.920 
 72     1868   (41)    3 :  0.086 0.084 0.063 0.767 
 73     1900    (0)    2 :  0.271 0.484 0.151 0.094 
 74     1923    (0)    2 :  0.536 0.121 0.174 0.169 
 75     1924    (8)    6 :  0.107 0.715 0.078 0.101 
 76     1938    (0)    2 :  0.346 0.112 0.341 0.201 
 77     1945    (0)    5 :  0.162 0.407 0.287 0.144 
 78     2016   (16)    1 :  0.193 0.295 0.424 0.088 
 79     2066   (16)    5 :  0.359 0.141 0.358 0.141 
 80     3027    (8)    2 :  0.203 0.152 0.488 0.157 
 81     3051    (0)    3 :  0.058 0.784 0.116 0.041 
 82     3056    (0)    2 :  0.181 0.484 0.136 0.199 
 83     3079    (0)    5 :  0.318 0.083 0.418 0.181 
 84     3093   (16)    3 :  0.154 0.150 0.636 0.060 
 85    3129B   (41)    6 :  0.107 0.246 0.180 0.468 
 86    3129C   (41)    6 :  0.457 0.129 0.340 0.075 
 87    3129H   (25)    6 :  0.186 0.347 0.232 0.235 
 88    3129L   (41)    6 :  0.111 0.476 0.148 0.265 
 89    3129N   (41)    6 :  0.124 0.414 0.289 0.173 
 90    3129O   (25)    6 :  0.188 0.455 0.260 0.096 
 91    3129P    (8)    6 :  0.133 0.573 0.224 0.069 
 92     3141    (0)    3 :  0.188 0.351 0.358 0.103 
 93     3144    (0)    2 :  0.297 0.319 0.328 0.056 
 94     3167    (0)    1 :  0.175 0.306 0.313 0.205 
 95     3174    (8)    5 :  0.260 0.483 0.182 0.075 
 96     3177    (0)    6 :  0.222 0.355 0.320 0.103 
 97     3271    (8)    3 :  0.359 0.093 0.399 0.149 


Estimated Allele Frequencies in each cluster
First column gives estimated ancestral frequencies


Locus 1 : 
6 alleles
0.0% missing data
 148   (0.501) 0.752 0.737 0.910 0.494 
 146   (0.143) 0.094 0.146 0.041 0.142 
 147   (0.140) 0.140 0.106 0.038 0.138 
 160   (0.154) 0.010 0.008 0.008 0.166 
 172   (0.030) 0.002 0.001 0.001 0.030 
 158   (0.031) 0.002 0.002 0.002 0.030 

Locus 2 : 
18 alleles
1.0% missing data
 199   (0.078) 0.069 0.026 0.065 0.079 
 201   (0.095) 0.066 0.263 0.461 0.093 
 197   (0.146) 0.368 0.543 0.262 0.144 
 205   (0.106) 0.067 0.069 0.066 0.109 
 211   (0.072) 0.120 0.024 0.023 0.072 
 225   (0.034) 0.006 0.003 0.007 0.034 
 207   (0.033) 0.007 0.003 0.006 0.033 
 217   (0.034) 0.011 0.003 0.004 0.033 
 193   (0.044) 0.032 0.016 0.028 0.042 
 203   (0.055) 0.055 0.011 0.024 0.054 
 191   (0.047) 0.155 0.015 0.027 0.044 
 255   (0.066) 0.004 0.003 0.003 0.073 
 195   (0.033) 0.003 0.002 0.002 0.035 
 223   (0.024) 0.005 0.002 0.003 0.023 
 241   (0.047) 0.005 0.003 0.005 0.049 
 237   (0.023) 0.001 0.001 0.001 0.023 
 213   (0.038) 0.022 0.011 0.008 0.036 
 215   (0.024) 0.003 0.002 0.004 0.024 

Locus 3 : 
10 alleles
9.3% missing data
 201   (0.214) 0.298 0.167 0.556 0.213 
 210   (0.147) 0.153 0.064 0.166 0.146 
 204   (0.201) 0.307 0.134 0.108 0.203 
 207   (0.231) 0.215 0.623 0.155 0.231 
 214   (0.030) 0.002 0.002 0.002 0.030 
 192   (0.058) 0.004 0.003 0.003 0.061 
 198   (0.029) 0.007 0.002 0.003 0.028 
 189   (0.029) 0.002 0.001 0.001 0.029 
 219   (0.030) 0.008 0.002 0.003 0.029 
 183   (0.031) 0.002 0.002 0.002 0.030 

Locus 4 : 
14 alleles
3.1% missing data
 140   (0.104) 0.060 0.283 0.301 0.101 
 142   (0.122) 0.312 0.135 0.130 0.121 
 138   (0.129) 0.070 0.025 0.170 0.133 
 152   (0.034) 0.013 0.004 0.033 0.033 
 146   (0.039) 0.007 0.005 0.026 0.038 
 132   (0.094) 0.026 0.408 0.023 0.094 
 134   (0.107) 0.077 0.015 0.066 0.112 
 130   (0.068) 0.211 0.032 0.034 0.066 
 136   (0.104) 0.155 0.051 0.088 0.105 
 128   (0.046) 0.031 0.006 0.015 0.045 
 150   (0.025) 0.002 0.001 0.002 0.025 
 144   (0.066) 0.029 0.028 0.107 0.064 
 148   (0.036) 0.003 0.003 0.003 0.037 
 160   (0.027) 0.002 0.002 0.002 0.026 

Locus 5 : 
9 alleles
7.2% missing data
 257   (0.194) 0.225 0.089 0.662 0.190 
 259   (0.296) 0.639 0.790 0.222 0.292 
 271   (0.101) 0.024 0.074 0.041 0.101 
 273   (0.140) 0.016 0.010 0.017 0.149 
 255   (0.068) 0.017 0.006 0.007 0.070 
 261   (0.083) 0.061 0.023 0.035 0.082 
 269   (0.042) 0.010 0.004 0.011 0.040 
 243   (0.046) 0.003 0.003 0.003 0.046 
 265   (0.030) 0.002 0.002 0.002 0.030 

Locus 6 : 
11 alleles
26.8% missing data
 155   (0.271) 0.300 0.628 0.688 0.269 
 170   (0.107) 0.079 0.030 0.078 0.107 
 173   (0.062) 0.010 0.052 0.013 0.061 
 164   (0.084) 0.023 0.158 0.032 0.083 
 158   (0.172) 0.449 0.061 0.136 0.173 
 149   (0.057) 0.009 0.005 0.007 0.059 
 188   (0.053) 0.094 0.037 0.014 0.051 
 161   (0.062) 0.005 0.004 0.004 0.066 
 152   (0.033) 0.003 0.003 0.002 0.033 
 143   (0.059) 0.011 0.016 0.010 0.060 
 200   (0.041) 0.017 0.006 0.014 0.039 

Locus 7 : 
18 alleles
5.2% missing data
 145   (0.052) 0.193 0.013 0.091 0.050 
 157   (0.051) 0.007 0.010 0.018 0.053 
 137   (0.056) 0.031 0.077 0.083 0.054 
 159   (0.081) 0.051 0.114 0.030 0.082 
 149   (0.108) 0.082 0.069 0.141 0.111 
 151   (0.084) 0.090 0.092 0.301 0.083 
 139   (0.059) 0.013 0.011 0.022 0.061 
 147   (0.102) 0.075 0.395 0.110 0.101 
 153   (0.063) 0.014 0.163 0.039 0.062 
 141   (0.051) 0.308 0.006 0.060 0.050 
 161   (0.063) 0.071 0.022 0.042 0.064 
 143   (0.030) 0.014 0.003 0.009 0.030 
 165   (0.059) 0.032 0.011 0.040 0.059 
 181   (0.025) 0.004 0.003 0.005 0.023 
 135   (0.024) 0.002 0.003 0.002 0.024 
 155   (0.045) 0.003 0.002 0.003 0.048 
 177   (0.022) 0.007 0.002 0.003 0.022 
 132   (0.026) 0.002 0.002 0.002 0.026 

Locus 8 : 
6 alleles
28.9% missing data
 132   (0.154) 0.078 0.152 0.193 0.152 
 138   (0.632) 0.865 0.811 0.755 0.636 
 135   (0.040) 0.007 0.004 0.005 0.039 
 141   (0.061) 0.015 0.020 0.019 0.060 
 144   (0.058) 0.031 0.010 0.024 0.056 
 129   (0.054) 0.005 0.003 0.004 0.056 

Locus 9 : 
14 alleles
14.4% missing data
 266   (0.054) 0.010 0.020 0.018 0.054 
 288   (0.057) 0.015 0.009 0.017 0.059 
 282   (0.134) 0.058 0.431 0.124 0.135 
 286   (0.121) 0.069 0.165 0.210 0.121 
 278   (0.118) 0.258 0.056 0.251 0.118 
 280   (0.153) 0.335 0.050 0.131 0.157 
 274   (0.079) 0.063 0.015 0.058 0.081 
 276   (0.041) 0.007 0.124 0.012 0.038 
 292   (0.026) 0.002 0.002 0.002 0.026 
 270   (0.049) 0.018 0.091 0.030 0.046 
 272   (0.040) 0.084 0.003 0.040 0.038 
 284   (0.064) 0.071 0.028 0.099 0.061 
 300   (0.037) 0.003 0.002 0.002 0.039 
 290   (0.028) 0.006 0.002 0.006 0.027 

Locus 10 : 
18 alleles
1.0% missing data
 146   (0.175) 0.492 0.402 0.730 0.172 
 172   (0.054) 0.010 0.013 0.018 0.054 
 166   (0.077) 0.010 0.052 0.011 0.079 
 160   (0.098) 0.086 0.013 0.073 0.101 
 186   (0.048) 0.003 0.003 0.002 0.051 
 158   (0.036) 0.014 0.021 0.009 0.035 
 170   (0.074) 0.049 0.074 0.039 0.074 
 148   (0.063) 0.236 0.049 0.065 0.060 
 178   (0.036) 0.003 0.005 0.004 0.037 
 168   (0.048) 0.012 0.288 0.010 0.045 
 164   (0.036) 0.051 0.003 0.007 0.035 
 180   (0.035) 0.007 0.003 0.005 0.035 
 174   (0.055) 0.008 0.033 0.011 0.056 
 184   (0.040) 0.002 0.002 0.002 0.041 
 162   (0.041) 0.005 0.004 0.004 0.041 
 194   (0.025) 0.001 0.001 0.001 0.025 
 154   (0.029) 0.005 0.019 0.005 0.028 
 144   (0.031) 0.004 0.013 0.004 0.031 

Locus 11 : 
9 alleles
1.0% missing data
 158   (0.538) 0.951 0.882 0.940 0.533 
 160   (0.093) 0.015 0.080 0.026 0.093 
 154   (0.058) 0.007 0.006 0.010 0.059 
 170   (0.048) 0.004 0.003 0.003 0.048 
 152   (0.118) 0.009 0.009 0.010 0.125 
 162   (0.032) 0.002 0.001 0.002 0.031 
 166   (0.041) 0.002 0.002 0.002 0.042 
 144   (0.032) 0.004 0.003 0.003 0.031 
 156   (0.040) 0.006 0.013 0.005 0.038 

Locus 12 : 
12 alleles
10.3% missing data
 218   (0.205) 0.496 0.515 0.348 0.202 
 212   (0.071) 0.020 0.126 0.023 0.070 
 222   (0.069) 0.055 0.021 0.131 0.066 
 214   (0.123) 0.134 0.071 0.155 0.122 
 220   (0.165) 0.158 0.146 0.213 0.166 
 216   (0.076) 0.073 0.097 0.074 0.073 
 210   (0.054) 0.042 0.007 0.032 0.052 
 202   (0.077) 0.005 0.004 0.004 0.084 
 224   (0.050) 0.010 0.007 0.013 0.051 
 200   (0.043) 0.003 0.002 0.002 0.045 
 206   (0.040) 0.003 0.002 0.002 0.042 
 194   (0.029) 0.002 0.002 0.002 0.028 

Values of parameters used in structure:
DATAFILE=bws17_structure.txt,	OUTFILE=bws17_structurek4_3_results,	NUMINDS=97,	NUMLOCI=12,	MISSING=-9,	LABEL=1,	POPDATA=1,	POPFLAG=0,	PHENOTYPE=0,	EXTRACOLS=0,	MAXPOPS=4,	BURNIN=10000,	NUMREPS=20000,	USEPOPINFO=0,	INFERALPHA=1,	INFERLAMBDA=0,	POPSPECIFICLAMBDA=0,	POPALPHAS=0,	COMPUTEPROB=1,	NOADMIX=0,	ADMBURNIN=500,	UPDATEFREQ=100,	PRINTLIKES=0,	INTERMEDSAVE=0,	PRINTKLD=0,	PRINTNET=1,	PRINTLAMBDA=1,	ANCESTDIST=0,	NUMBOXES=1000,	ANCESTPINT=0.90000,	GENSBACK=2,	MIGRPRIOR=0.01000,	PRINTQHAT=0,	PRINTQSUM=1,	ALPHA=1.0000,	FREQSCORR=1,	FPRIORMEAN=0.0100,	FPRIORSD=0.0500,	ONEFST=0,	LAMBDA=1.0000,	UNIFPRIORALPHA=1,	ALPHAMAX=10.0000,	ALPHAPRIORA=1.0000,	ALPHAPRIORB=2.0000,	ALPHAPROPSD=0.0250,	STARTATPOPINFO=0,	RANDOMIZE=1,	LINKAGE=0,	METROFREQ=10,	REPORTHITRATE=0,	MARKOVPHASE=0,	PHASED=0,	PLOIDY=2,	PHASEINFO=0	LOCPRIOR=0, 	LOCPRIORINIT=1.000000, 	LOCDATA=0, 	LOCISPOP=1, 	LOCPRIORSTEP=0.100000, 	MAXLOCPRIOR=20.000000, 	SEED=1680097545,	
[STRAT parameters]:    NUMSIMSTATS=1000,	PHENOTYPECOL=-9,	POOLFREQ=10,	LOCUSxONLY=0,	EMERROR=0.00100,	MISSINGPHENO=-9,	