

----------------------------------------------------
STRUCTURE by Pritchard, Stephens and Donnelly (2000)
     and Falush, Stephens and Pritchard (2003)
       Code by Pritchard, Falush and Hubisz
             Version 2.3.4 (Jul 2012)
----------------------------------------------------



Command line arguments:   ./structure -m mainparams_bws17_k5_3 
Input File:    bws17_structure.txt

Run parameters:
   97 individuals
   12 loci
   5 populations assumed
   10000 Burn-in period
   20000 Reps


--------------------------------------------
Proportion of membership of each pre-defined
 population in each of the 5 clusters

Given    Inferred Clusters                     Number of
 Pop       1      2      3      4      5      Individuals

  1:     0.098  0.309  0.231  0.071  0.292       15
  2:     0.241  0.263  0.182  0.050  0.264       21
  3:     0.233  0.295  0.233  0.011  0.228       22
  4:     0.229  0.187  0.227  0.103  0.253       10
  5:     0.141  0.267  0.203  0.098  0.291       12
  6:     0.141  0.175  0.555  0.005  0.124       17
--------------------------------------------

Allele-freq. divergence among pops (Net nucleotide distance),
computed using point estimates of P.

      1       2       3       4       5      
 1      -    0.0060  0.0169  0.1193  0.0116  
 2   0.0060     -    0.0132  0.1512  0.0042  
 3   0.0169  0.0132     -    0.1692  0.0203  
 4   0.1193  0.1512  0.1692     -    0.1642  
 5   0.0116  0.0042  0.0203  0.1642     -    

Average distances (expected heterozygosity) between individuals in same cluster:
cluster  1  : 0.7458 
cluster  2  : 0.6672 
cluster  3  : 0.6399 
cluster  4  : 0.7353 
cluster  5  : 0.6437 

--------------------------------------------
Estimated Ln Prob of Data   = -3390.3
Mean value of ln likelihood = -3156.4
Variance of ln likelihood   = 467.7
Mean value of alpha         = 0.0428

Mean value of Fst_1         = 0.0043
Mean value of Fst_2         = 0.0821
Mean value of Fst_3         = 0.1147
Mean value of Fst_4         = 0.2550
Mean value of Fst_5         = 0.0907


Inferred ancestry of individuals:
        Label (%Miss) Pop:  Inferred clusters
  1       12    (0)    1 :  0.274 0.271 0.171 0.004 0.279 
  2       45   (16)    2 :  0.096 0.280 0.447 0.007 0.171 
  3       68    (0)    3 :  0.548 0.303 0.070 0.013 0.066 
  4    0078F   (50)    6 :  0.155 0.301 0.204 0.005 0.335 
  5       89    (0)    4 :  0.403 0.180 0.077 0.004 0.336 
  6      110    (0)    4 :  0.034 0.332 0.603 0.004 0.027 
  7      124    (8)    2 :  0.860 0.064 0.048 0.013 0.015 
  8      148    (0)    4 :  0.116 0.273 0.575 0.006 0.031 
  9      192    (0)    4 :  0.627 0.224 0.040 0.008 0.102 
 10      224    (0)    3 :  0.204 0.522 0.083 0.015 0.176 
 11      304    (8)    3 :  0.013 0.225 0.023 0.003 0.737 
 12      307    (0)    3 :  0.909 0.024 0.011 0.033 0.024 
 13      315    (0)    5 :  0.077 0.310 0.518 0.004 0.091 
 14      335    (8)    2 :  0.490 0.208 0.017 0.005 0.279 
 15      336    (0)    5 :  0.235 0.152 0.034 0.003 0.575 
 16      385    (8)    3 :  0.144 0.410 0.165 0.004 0.277 
 17      397    (0)    5 :  0.071 0.447 0.061 0.004 0.417 
 18      398    (8)    3 :  0.253 0.336 0.275 0.006 0.131 
 19      434    (8)    2 :  0.010 0.009 0.014 0.959 0.007 
 20      445    (0)    2 :  0.115 0.305 0.083 0.005 0.492 
 21      453    (0)    1 :  0.091 0.163 0.257 0.004 0.485 
 22      456    (8)    1 :  0.066 0.365 0.085 0.011 0.473 
 23      496    (0)    1 :  0.148 0.300 0.475 0.028 0.049 
 24      564    (8)    3 :  0.093 0.518 0.091 0.005 0.293 
 25      583    (0)    3 :  0.261 0.229 0.365 0.005 0.140 
 26      655    (8)    5 :  0.157 0.473 0.016 0.005 0.349 
 27      830    (0)    3 :  0.064 0.355 0.536 0.003 0.041 
 28      879    (8)    1 :  0.155 0.344 0.037 0.006 0.458 
 29      886    (0)    3 :  0.143 0.350 0.222 0.006 0.279 
 30      897    (0)    4 :  0.879 0.078 0.011 0.007 0.025 
 31      917    (0)    4 :  0.057 0.171 0.335 0.003 0.434 
 32      933    (8)    3 :  0.262 0.144 0.335 0.036 0.222 
 33      941   (16)    3 :  0.021 0.121 0.725 0.003 0.131 
 34      966    (8)    3 :  0.297 0.412 0.048 0.004 0.239 
 35     1028    (0)    5 :  0.268 0.198 0.101 0.003 0.430 
 36     1067    (0)    4 :  0.047 0.190 0.015 0.003 0.745 
 37     1071    (0)    1 :  0.069 0.285 0.011 0.003 0.631 
 38     1112    (0)    3 :  0.098 0.344 0.488 0.005 0.066 
 39    1285B    (8)    6 :  0.048 0.265 0.642 0.006 0.039 
 40    1285D    (0)    6 :  0.033 0.198 0.745 0.003 0.022 
 41    1285E    (0)    6 :  0.513 0.125 0.338 0.005 0.020 
 42    1285F   (25)    6 :  0.078 0.373 0.430 0.004 0.114 
 43    1285G    (0)    6 :  0.048 0.224 0.643 0.004 0.081 
 44    1285I    (0)    6 :  0.149 0.241 0.553 0.005 0.052 
 45     1287   (41)    5 :  0.114 0.220 0.073 0.166 0.427 
 46     1312    (8)    5 :  0.017 0.007 0.007 0.965 0.004 
 47     1326   (16)    4 :  0.073 0.199 0.577 0.006 0.146 
 48     1343    (8)    3 :  0.230 0.498 0.056 0.007 0.209 
 49     1353    (0)    3 :  0.023 0.239 0.016 0.003 0.719 
 50     1357    (8)    2 :  0.450 0.268 0.040 0.006 0.236 
 51     1362    (0)    4 :  0.054 0.223 0.034 0.004 0.685 
 52     1391    (8)    2 :  0.938 0.023 0.020 0.003 0.015 
 53     1409    (0)    2 :  0.074 0.348 0.399 0.005 0.175 
 54     1424    (8)    1 :  0.144 0.453 0.117 0.005 0.282 
 55    1424C   (33)    1 :  0.035 0.134 0.798 0.010 0.023 
 56    1424E   (16)    1 :  0.035 0.394 0.116 0.003 0.452 
 57    1424F   (33)    1 :  0.076 0.425 0.024 0.005 0.470 
 58    1424G   (33)    1 :  0.082 0.436 0.071 0.007 0.403 
 59     1432    (0)    6 :  0.022 0.211 0.711 0.003 0.053 
 60     1442    (0)    2 :  0.262 0.338 0.148 0.004 0.248 
 61     1450   (25)    5 :  0.212 0.195 0.406 0.004 0.183 
 62     1476    (0)    2 :  0.090 0.435 0.029 0.004 0.442 
 63     1519    (0)    2 :  0.026 0.437 0.203 0.004 0.330 
 64     1568    (0)    3 :  0.495 0.216 0.055 0.004 0.230 
 65     1579   (25)    2 :  0.041 0.260 0.052 0.004 0.643 
 66     1614    (8)    2 :  0.176 0.092 0.151 0.004 0.577 
 67     1617   (16)    1 :  0.013 0.009 0.007 0.963 0.008 
 68     1621    (0)    2 :  0.085 0.254 0.445 0.005 0.211 
 69     1825    (8)    2 :  0.317 0.179 0.094 0.004 0.406 
 70     1829    (8)    1 :  0.044 0.303 0.632 0.003 0.018 
 71     1836    (0)    4 :  0.004 0.003 0.003 0.987 0.002 
 72     1868   (41)    3 :  0.845 0.033 0.010 0.082 0.030 
 73     1900    (0)    2 :  0.066 0.406 0.449 0.004 0.075 
 74     1923    (0)    2 :  0.324 0.467 0.074 0.004 0.132 
 75     1924    (8)    6 :  0.034 0.020 0.896 0.004 0.046 
 76     1938    (0)    2 :  0.256 0.323 0.082 0.004 0.334 
 77     1945    (0)    5 :  0.064 0.340 0.562 0.004 0.030 
 78     2016   (16)    1 :  0.049 0.312 0.363 0.005 0.272 
 79     2066   (16)    5 :  0.180 0.242 0.075 0.004 0.499 
 80     3027    (8)    2 :  0.184 0.371 0.119 0.006 0.320 
 81     3051    (0)    3 :  0.009 0.129 0.849 0.003 0.010 
 82     3056    (0)    2 :  0.169 0.182 0.609 0.004 0.037 
 83     3079    (0)    5 :  0.255 0.321 0.024 0.012 0.388 
 84     3093   (16)    3 :  0.038 0.416 0.242 0.005 0.298 
 85    3129B   (41)    6 :  0.728 0.114 0.120 0.006 0.033 
 86    3129C   (41)    6 :  0.033 0.275 0.067 0.008 0.618 
 87    3129H   (25)    6 :  0.128 0.094 0.690 0.007 0.082 
 88    3129L   (41)    6 :  0.119 0.056 0.759 0.005 0.061 
 89    3129N   (41)    6 :  0.118 0.115 0.521 0.005 0.241 
 90    3129O   (25)    6 :  0.063 0.081 0.707 0.005 0.144 
 91    3129P    (8)    6 :  0.023 0.030 0.883 0.003 0.061 
 92     3141    (0)    3 :  0.056 0.408 0.349 0.004 0.182 
 93     3144    (0)    2 :  0.029 0.277 0.291 0.004 0.400 
 94     3167    (0)    1 :  0.181 0.433 0.302 0.005 0.078 
 95     3174    (8)    5 :  0.041 0.298 0.558 0.007 0.095 
 96     3177    (0)    6 :  0.114 0.259 0.520 0.004 0.103 
 97     3271    (8)    3 :  0.122 0.255 0.100 0.004 0.520 


Estimated Allele Frequencies in each cluster
First column gives estimated ancestral frequencies


Locus 1 : 
6 alleles
0.0% missing data
 148   (0.671) 0.672 0.771 0.705 0.195 0.813 
 146   (0.123) 0.123 0.094 0.146 0.035 0.083 
 147   (0.116) 0.115 0.115 0.136 0.031 0.086 
 160   (0.046) 0.048 0.010 0.007 0.643 0.009 
 172   (0.021) 0.019 0.005 0.003 0.087 0.004 
 158   (0.022) 0.022 0.005 0.003 0.009 0.004 

Locus 2 : 
18 alleles
1.0% missing data
 199   (0.076) 0.077 0.083 0.042 0.022 0.049 
 201   (0.155) 0.156 0.194 0.294 0.044 0.209 
 197   (0.228) 0.231 0.296 0.420 0.072 0.380 
 205   (0.101) 0.107 0.087 0.061 0.030 0.059 
 211   (0.072) 0.073 0.082 0.048 0.021 0.050 
 225   (0.025) 0.026 0.012 0.005 0.007 0.010 
 207   (0.025) 0.025 0.012 0.005 0.007 0.016 
 217   (0.025) 0.024 0.017 0.006 0.007 0.014 
 193   (0.041) 0.040 0.039 0.021 0.011 0.023 
 203   (0.044) 0.043 0.039 0.018 0.012 0.046 
 191   (0.057) 0.054 0.081 0.036 0.016 0.087 
 255   (0.019) 0.017 0.004 0.003 0.422 0.004 
 195   (0.024) 0.027 0.007 0.004 0.007 0.005 
 223   (0.019) 0.018 0.010 0.003 0.005 0.008 
 241   (0.021) 0.019 0.006 0.003 0.223 0.007 
 237   (0.019) 0.017 0.004 0.003 0.081 0.004 
 213   (0.030) 0.028 0.021 0.026 0.008 0.020 
 215   (0.019) 0.018 0.007 0.003 0.005 0.007 

Locus 3 : 
10 alleles
9.3% missing data
 201   (0.259) 0.255 0.323 0.285 0.260 0.351 
 210   (0.140) 0.140 0.131 0.080 0.129 0.178 
 204   (0.196) 0.201 0.247 0.167 0.057 0.157 
 207   (0.281) 0.289 0.255 0.447 0.082 0.267 
 214   (0.021) 0.022 0.005 0.003 0.007 0.005 
 192   (0.023) 0.020 0.005 0.004 0.272 0.005 
 198   (0.020) 0.018 0.011 0.003 0.006 0.016 
 189   (0.020) 0.018 0.005 0.003 0.087 0.004 
 219   (0.020) 0.018 0.013 0.004 0.006 0.013 
 183   (0.021) 0.019 0.005 0.003 0.093 0.004 

Locus 4 : 
14 alleles
3.1% missing data
 140   (0.140) 0.142 0.148 0.294 0.037 0.160 
 142   (0.161) 0.162 0.191 0.128 0.047 0.248 
 138   (0.099) 0.096 0.104 0.061 0.379 0.092 
 152   (0.025) 0.024 0.022 0.014 0.006 0.023 
 146   (0.031) 0.031 0.017 0.008 0.008 0.021 
 132   (0.101) 0.100 0.101 0.257 0.103 0.057 
 134   (0.080) 0.078 0.083 0.026 0.315 0.062 
 130   (0.088) 0.088 0.120 0.085 0.023 0.091 
 136   (0.112) 0.114 0.116 0.067 0.036 0.118 
 128   (0.038) 0.038 0.026 0.008 0.011 0.040 
 150   (0.020) 0.021 0.004 0.003 0.006 0.004 
 144   (0.060) 0.059 0.054 0.040 0.016 0.074 
 148   (0.026) 0.028 0.007 0.005 0.007 0.005 
 160   (0.019) 0.019 0.006 0.004 0.005 0.004 

Locus 5 : 
9 alleles
7.2% missing data
 257   (0.273) 0.273 0.293 0.206 0.085 0.403 
 259   (0.415) 0.411 0.514 0.672 0.197 0.452 
 271   (0.074) 0.072 0.059 0.061 0.102 0.026 
 273   (0.047) 0.045 0.020 0.011 0.556 0.020 
 255   (0.045) 0.050 0.023 0.008 0.018 0.018 
 261   (0.064) 0.063 0.058 0.027 0.018 0.052 
 269   (0.030) 0.028 0.020 0.007 0.008 0.016 
 243   (0.029) 0.033 0.007 0.005 0.007 0.006 
 265   (0.023) 0.024 0.006 0.004 0.009 0.005 

Locus 6 : 
11 alleles
26.8% missing data
 155   (0.404) 0.408 0.455 0.485 0.180 0.510 
 170   (0.100) 0.103 0.081 0.051 0.047 0.061 
 173   (0.042) 0.042 0.022 0.046 0.017 0.018 
 164   (0.070) 0.070 0.065 0.099 0.032 0.028 
 158   (0.185) 0.178 0.238 0.142 0.357 0.281 
 149   (0.039) 0.041 0.018 0.009 0.022 0.022 
 188   (0.041) 0.038 0.071 0.094 0.018 0.031 
 161   (0.035) 0.034 0.010 0.007 0.284 0.009 
 152   (0.023) 0.024 0.006 0.005 0.009 0.006 
 143   (0.037) 0.037 0.014 0.050 0.023 0.013 
 200   (0.027) 0.026 0.020 0.010 0.011 0.021 

Locus 7 : 
18 alleles
5.2% missing data
 145   (0.063) 0.061 0.107 0.050 0.019 0.148 
 157   (0.038) 0.039 0.019 0.018 0.013 0.021 
 137   (0.059) 0.058 0.050 0.084 0.017 0.055 
 159   (0.076) 0.077 0.059 0.115 0.022 0.048 
 149   (0.110) 0.113 0.103 0.088 0.123 0.098 
 151   (0.120) 0.124 0.133 0.179 0.036 0.116 
 139   (0.049) 0.053 0.025 0.016 0.015 0.025 
 147   (0.123) 0.123 0.151 0.229 0.119 0.135 
 153   (0.064) 0.063 0.056 0.114 0.102 0.029 
 141   (0.082) 0.082 0.150 0.027 0.024 0.186 
 161   (0.056) 0.055 0.065 0.028 0.105 0.046 
 143   (0.024) 0.022 0.012 0.004 0.007 0.030 
 165   (0.048) 0.045 0.037 0.023 0.108 0.036 
 181   (0.019) 0.017 0.007 0.007 0.006 0.012 
 135   (0.017) 0.017 0.005 0.007 0.005 0.004 
 155   (0.017) 0.015 0.004 0.003 0.271 0.003 
 177   (0.018) 0.017 0.012 0.004 0.005 0.005 
 132   (0.016) 0.017 0.005 0.004 0.005 0.003 

Locus 8 : 
6 alleles
28.9% missing data
 132   (0.139) 0.138 0.132 0.173 0.063 0.121 
 138   (0.728) 0.738 0.800 0.773 0.608 0.765 
 135   (0.027) 0.026 0.011 0.005 0.012 0.021 
 141   (0.040) 0.038 0.020 0.032 0.018 0.036 
 144   (0.039) 0.036 0.029 0.013 0.016 0.050 
 129   (0.027) 0.024 0.007 0.005 0.282 0.007 

Locus 9 : 
14 alleles
14.4% missing data
 266   (0.040) 0.038 0.022 0.026 0.094 0.017 
 288   (0.045) 0.048 0.024 0.013 0.013 0.021 
 282   (0.161) 0.165 0.152 0.275 0.139 0.126 
 286   (0.113) 0.109 0.150 0.166 0.217 0.095 
 278   (0.157) 0.158 0.234 0.150 0.134 0.156 
 280   (0.180) 0.189 0.195 0.091 0.139 0.219 
 274   (0.064) 0.067 0.043 0.015 0.022 0.104 
 276   (0.036) 0.034 0.035 0.077 0.010 0.013 
 292   (0.021) 0.022 0.006 0.004 0.006 0.005 
 270   (0.046) 0.043 0.022 0.100 0.013 0.047 
 272   (0.031) 0.029 0.040 0.007 0.008 0.098 
 284   (0.066) 0.064 0.063 0.067 0.019 0.082 
 300   (0.020) 0.018 0.005 0.004 0.182 0.004 
 290   (0.019) 0.018 0.010 0.006 0.006 0.014 

Locus 10 : 
18 alleles
1.0% missing data
 146   (0.329) 0.336 0.488 0.430 0.103 0.556 
 172   (0.037) 0.039 0.020 0.016 0.011 0.016 
 166   (0.050) 0.047 0.025 0.042 0.202 0.016 
 160   (0.085) 0.089 0.083 0.022 0.024 0.087 
 186   (0.028) 0.028 0.007 0.004 0.182 0.006 
 158   (0.026) 0.025 0.015 0.026 0.007 0.009 
 170   (0.070) 0.072 0.072 0.058 0.020 0.033 
 148   (0.090) 0.087 0.119 0.080 0.025 0.151 
 178   (0.024) 0.025 0.009 0.009 0.011 0.006 
 168   (0.065) 0.064 0.060 0.193 0.018 0.033 
 164   (0.031) 0.030 0.041 0.008 0.009 0.031 
 180   (0.023) 0.025 0.010 0.004 0.006 0.013 
 174   (0.040) 0.038 0.015 0.045 0.099 0.015 
 184   (0.020) 0.017 0.004 0.003 0.177 0.004 
 162   (0.026) 0.028 0.009 0.005 0.007 0.011 
 194   (0.018) 0.016 0.004 0.003 0.087 0.004 
 154   (0.019) 0.017 0.013 0.020 0.005 0.004 
 144   (0.019) 0.018 0.005 0.031 0.006 0.006 

Locus 11 : 
9 alleles
1.0% missing data
 158   (0.752) 0.756 0.891 0.888 0.210 0.923 
 160   (0.064) 0.065 0.047 0.054 0.017 0.023 
 154   (0.036) 0.037 0.016 0.009 0.010 0.014 
 170   (0.031) 0.033 0.008 0.005 0.009 0.006 
 152   (0.033) 0.031 0.011 0.009 0.493 0.009 
 162   (0.020) 0.018 0.004 0.003 0.081 0.004 
 166   (0.019) 0.017 0.004 0.003 0.168 0.004 
 144   (0.021) 0.020 0.007 0.004 0.005 0.010 
 156   (0.025) 0.023 0.012 0.025 0.007 0.006 

Locus 12 : 
12 alleles
10.3% missing data
 218   (0.310) 0.312 0.415 0.471 0.097 0.428 
 212   (0.060) 0.061 0.054 0.096 0.017 0.020 
 222   (0.069) 0.066 0.085 0.043 0.019 0.073 
 214   (0.131) 0.134 0.113 0.084 0.038 0.166 
 220   (0.185) 0.190 0.164 0.187 0.054 0.166 
 216   (0.076) 0.074 0.099 0.080 0.022 0.051 
 210   (0.044) 0.042 0.036 0.015 0.012 0.050 
 202   (0.028) 0.027 0.006 0.005 0.373 0.006 
 224   (0.035) 0.036 0.013 0.009 0.010 0.026 
 200   (0.019) 0.017 0.004 0.003 0.175 0.004 
 206   (0.021) 0.019 0.005 0.004 0.176 0.004 
 194   (0.021) 0.022 0.005 0.004 0.008 0.005 

Values of parameters used in structure:
DATAFILE=bws17_structure.txt,	OUTFILE=bws17_structurek5_3_results,	NUMINDS=97,	NUMLOCI=12,	MISSING=-9,	LABEL=1,	POPDATA=1,	POPFLAG=0,	PHENOTYPE=0,	EXTRACOLS=0,	MAXPOPS=5,	BURNIN=10000,	NUMREPS=20000,	USEPOPINFO=0,	INFERALPHA=1,	INFERLAMBDA=0,	POPSPECIFICLAMBDA=0,	POPALPHAS=0,	COMPUTEPROB=1,	NOADMIX=0,	ADMBURNIN=500,	UPDATEFREQ=100,	PRINTLIKES=0,	INTERMEDSAVE=0,	PRINTKLD=0,	PRINTNET=1,	PRINTLAMBDA=1,	ANCESTDIST=0,	NUMBOXES=1000,	ANCESTPINT=0.90000,	GENSBACK=2,	MIGRPRIOR=0.01000,	PRINTQHAT=0,	PRINTQSUM=1,	ALPHA=1.0000,	FREQSCORR=1,	FPRIORMEAN=0.0100,	FPRIORSD=0.0500,	ONEFST=0,	LAMBDA=1.0000,	UNIFPRIORALPHA=1,	ALPHAMAX=10.0000,	ALPHAPRIORA=1.0000,	ALPHAPRIORB=2.0000,	ALPHAPROPSD=0.0250,	STARTATPOPINFO=0,	RANDOMIZE=1,	LINKAGE=0,	METROFREQ=10,	REPORTHITRATE=0,	MARKOVPHASE=0,	PHASED=0,	PLOIDY=2,	PHASEINFO=0	LOCPRIOR=0, 	LOCPRIORINIT=1.000000, 	LOCDATA=0, 	LOCISPOP=1, 	LOCPRIORSTEP=0.100000, 	MAXLOCPRIOR=20.000000, 	SEED=1680097577,	
[STRAT parameters]:    NUMSIMSTATS=1000,	PHENOTYPECOL=-9,	POOLFREQ=10,	LOCUSxONLY=0,	EMERROR=0.00100,	MISSINGPHENO=-9,	