

----------------------------------------------------
STRUCTURE by Pritchard, Stephens and Donnelly (2000)
     and Falush, Stephens and Pritchard (2003)
       Code by Pritchard, Falush and Hubisz
             Version 2.3.4 (Jul 2012)
----------------------------------------------------



Command line arguments:   ./structure -m mainparams_bws18_k9_2 
Input File:    bws18_structure.txt

Run parameters:
   136 individuals
   13 loci
   9 populations assumed
   10000 Burn-in period
   20000 Reps


--------------------------------------------
Proportion of membership of each pre-defined
 population in each of the 9 clusters

Given    Inferred Clusters                                                 Number of
 Pop       1      2      3      4      5      6      7      8      9      Individuals

 17:     0.161  0.007  0.211  0.006  0.134  0.036  0.086  0.156  0.202       18
 22:     0.128  0.016  0.075  0.032  0.201  0.198  0.105  0.107  0.139       11
 29:     0.106  0.033  0.189  0.025  0.161  0.019  0.103  0.173  0.192       13
 62:     0.139  0.030  0.157  0.013  0.226  0.077  0.149  0.110  0.099       20
122:     0.264  0.008  0.128  0.147  0.140  0.125  0.067  0.057  0.063       14
193:     0.146  0.116  0.073  0.065  0.128  0.121  0.133  0.070  0.147       14
205:     0.127  0.008  0.174  0.019  0.250  0.153  0.143  0.063  0.063       19
286:     0.032  0.191  0.022  0.141  0.096  0.217  0.052  0.174  0.075       13
328:     0.114  0.059  0.128  0.036  0.146  0.046  0.172  0.244  0.054       14
--------------------------------------------

Allele-freq. divergence among pops (Net nucleotide distance),
computed using point estimates of P.

      1       2       3       4       5       6       7       8       9      
 1      -    0.1780  0.0244  0.1007  0.0104  0.1926  0.0092  0.0269  0.0840  
 2   0.1780     -    0.1826  0.1517  0.1808  0.1574  0.1662  0.1922  0.1521  
 3   0.0244  0.1826     -    0.1121  0.0209  0.1880  0.0213  0.0237  0.0691  
 4   0.1007  0.1517  0.1121     -    0.1035  0.1414  0.0929  0.1100  0.1324  
 5   0.0104  0.1808  0.0209  0.1035     -    0.2025  0.0058  0.0222  0.0818  
 6   0.1926  0.1574  0.1880  0.1414  0.2025     -    0.1783  0.2031  0.1134  
 7   0.0092  0.1662  0.0213  0.0929  0.0058  0.1783     -    0.0190  0.0731  
 8   0.0269  0.1922  0.0237  0.1100  0.0222  0.2031  0.0190     -    0.0860  
 9   0.0840  0.1521  0.0691  0.1324  0.0818  0.1134  0.0731  0.0860     -    

Average distances (expected heterozygosity) between individuals in same cluster:
cluster  1  : 0.7062 
cluster  2  : 0.5895 
cluster  3  : 0.6743 
cluster  4  : 0.7086 
cluster  5  : 0.6904 
cluster  6  : 0.4415 
cluster  7  : 0.7056 
cluster  8  : 0.6785 
cluster  9  : 0.6270 

--------------------------------------------
Estimated Ln Prob of Data   = -5707.8
Mean value of ln likelihood = -5176.0
Variance of ln likelihood   = 1063.7
Mean value of alpha         = 0.0448

Mean value of Fst_1         = 0.0763
Mean value of Fst_2         = 0.3751
Mean value of Fst_3         = 0.1060
Mean value of Fst_4         = 0.2471
Mean value of Fst_5         = 0.0804
Mean value of Fst_6         = 0.4091
Mean value of Fst_7         = 0.0987
Mean value of Fst_8         = 0.0905
Mean value of Fst_9         = 0.1738


Inferred ancestry of individuals:
        Label (%Miss) Pop:  Inferred clusters
  1    0079C    (0)   17 :  0.861 0.005 0.013 0.006 0.062 0.003 0.030 0.012 0.006 
  2    0079D    (0)   17 :  0.295 0.005 0.080 0.008 0.451 0.004 0.073 0.074 0.011 
  3    0079E    (0)   17 :  0.011 0.005 0.185 0.008 0.014 0.069 0.040 0.037 0.631 
  4    0079G    (0)   17 :  0.307 0.010 0.058 0.004 0.208 0.005 0.058 0.343 0.006 
  5    0082A    (0)   17 :  0.251 0.004 0.171 0.014 0.055 0.004 0.113 0.366 0.021 
  6    0082B    (0)   17 :  0.021 0.012 0.014 0.004 0.018 0.006 0.014 0.904 0.007 
  7    0082C    (0)   17 :  0.015 0.014 0.012 0.006 0.112 0.266 0.373 0.072 0.129 
  8    0082D    (0)   17 :  0.008 0.008 0.018 0.005 0.012 0.004 0.010 0.008 0.926 
  9    0121B    (0)   22 :  0.022 0.013 0.104 0.029 0.046 0.559 0.045 0.081 0.100 
 10    0121C    (0)   22 :  0.093 0.004 0.013 0.005 0.594 0.004 0.273 0.010 0.004 
 11    0147A    (0)   29 :  0.004 0.005 0.009 0.123 0.004 0.025 0.008 0.004 0.818 
 12    0147B    (0)   29 :  0.039 0.022 0.065 0.007 0.483 0.018 0.307 0.013 0.046 
 13    0147D    (0)   29 :  0.012 0.034 0.026 0.008 0.008 0.108 0.008 0.011 0.786 
 14    0167A    (0)   17 :  0.264 0.005 0.053 0.005 0.516 0.003 0.112 0.033 0.009 
 15    0167B    (0)   17 :  0.014 0.004 0.827 0.004 0.015 0.004 0.071 0.032 0.029 
 16    0167C    (0)   17 :  0.051 0.003 0.063 0.012 0.122 0.003 0.099 0.631 0.015 
 17    0309A    (0)   62 :  0.066 0.004 0.023 0.005 0.315 0.003 0.176 0.393 0.015 
 18    0309C    (0)   62 :  0.569 0.003 0.029 0.005 0.264 0.004 0.055 0.063 0.008 
 19    0309D    (0)   62 :  0.010 0.006 0.010 0.066 0.022 0.296 0.014 0.060 0.517 
 20    0309E    (0)   62 :  0.014 0.005 0.008 0.005 0.033 0.008 0.032 0.018 0.879 
 21    0625A    (0)   122 :  0.014 0.010 0.792 0.008 0.046 0.010 0.040 0.042 0.037 
 22    0625B    (0)   122 :  0.078 0.003 0.565 0.004 0.120 0.004 0.168 0.040 0.019 
 23    0625C    (0)   122 :  0.537 0.004 0.022 0.005 0.357 0.003 0.047 0.019 0.005 
 24    0625D    (0)   122 :  0.403 0.005 0.011 0.004 0.482 0.004 0.073 0.012 0.006 
 25    1029C    (0)   193 :  0.010 0.011 0.007 0.015 0.083 0.042 0.081 0.016 0.735 
 26    1029D    (0)   193 :  0.014 0.049 0.024 0.008 0.019 0.126 0.027 0.009 0.723 
 27    1029G    (0)   193 :  0.007 0.028 0.026 0.007 0.013 0.850 0.011 0.047 0.011 
 28    1187B    (0)   29 :  0.215 0.007 0.018 0.005 0.128 0.003 0.143 0.471 0.010 
 29    1187C    (0)   29 :  0.057 0.005 0.086 0.004 0.443 0.004 0.245 0.061 0.094 
 30    1187D    (0)   29 :  0.075 0.008 0.096 0.007 0.081 0.009 0.043 0.043 0.638 
 31    1187E    (0)   29 :  0.065 0.003 0.028 0.006 0.023 0.005 0.059 0.807 0.004 
 32    1314A    (0)   193 :  0.284 0.004 0.038 0.004 0.026 0.295 0.220 0.117 0.011 
 33    1314B    (0)   193 :  0.042 0.007 0.140 0.323 0.091 0.015 0.274 0.095 0.012 
 34    1314C    (0)   193 :  0.025 0.007 0.459 0.003 0.357 0.003 0.068 0.070 0.009 
 35    1314D    (0)   193 :  0.069 0.006 0.027 0.005 0.556 0.004 0.247 0.081 0.006 
 36    1314E    (0)   193 :  0.284 0.010 0.063 0.034 0.023 0.082 0.215 0.273 0.015 
 37    1319A    (0)   62 :  0.077 0.003 0.183 0.005 0.129 0.005 0.042 0.545 0.011 
 38    1319B    (0)   62 :  0.028 0.003 0.639 0.005 0.176 0.025 0.042 0.035 0.047 
 39    1600A    (0)   29 :  0.027 0.003 0.831 0.012 0.043 0.004 0.016 0.057 0.007 
 40    1600B    (0)   29 :  0.198 0.004 0.235 0.008 0.349 0.005 0.119 0.075 0.008 
 41    1600C    (0)   29 :  0.307 0.003 0.014 0.006 0.329 0.045 0.220 0.052 0.023 
 42    1630A    (0)   193 :  0.219 0.037 0.011 0.010 0.304 0.041 0.214 0.099 0.065 
 43    1630B    (0)   193 :  0.130 0.210 0.014 0.008 0.134 0.012 0.361 0.035 0.096 
 44    1630C    (0)   193 :  0.008 0.041 0.015 0.477 0.011 0.096 0.012 0.010 0.331 
 45    1711A    (0)   286 :  0.008 0.013 0.010 0.009 0.012 0.030 0.014 0.887 0.017 
 46    1711B    (0)   286 :  0.016 0.005 0.009 0.004 0.011 0.003 0.015 0.933 0.005 
 47    1711C    (0)   286 :  0.007 0.005 0.006 0.005 0.005 0.894 0.057 0.004 0.016 
 48    1711D    (0)   286 :  0.041 0.415 0.049 0.040 0.223 0.007 0.156 0.052 0.018 
 49    1711E    (0)   286 :  0.007 0.081 0.005 0.005 0.006 0.012 0.008 0.006 0.870 
 50    1715B    (0)   205 :  0.079 0.004 0.013 0.004 0.591 0.004 0.202 0.095 0.007 
 51    1715C    (0)   205 :  0.200 0.004 0.023 0.011 0.314 0.004 0.370 0.056 0.017 
 52    1715D    (0)   205 :  0.032 0.004 0.640 0.004 0.242 0.004 0.023 0.046 0.005 
 53    1715E    (0)   205 :  0.130 0.007 0.090 0.007 0.531 0.008 0.203 0.015 0.010 
 54    1726A    (0)   205 :  0.026 0.005 0.013 0.004 0.505 0.010 0.298 0.131 0.007 
 55    1726B    (0)   205 :  0.104 0.031 0.091 0.006 0.023 0.156 0.057 0.040 0.490 
 56    1783A    (0)   205 :  0.004 0.005 0.004 0.180 0.004 0.790 0.004 0.005 0.005 
 57    1783B    (0)   205 :  0.041 0.011 0.019 0.004 0.317 0.003 0.171 0.400 0.034 
 58    1783C    (0)   205 :  0.129 0.003 0.071 0.006 0.386 0.006 0.270 0.118 0.012 
 59    1783D    (0)   205 :  0.040 0.003 0.009 0.004 0.605 0.005 0.284 0.043 0.005 
 60    1783E    (0)   205 :  0.912 0.005 0.011 0.005 0.019 0.004 0.027 0.013 0.004 
 61    2008C    (0)   62 :  0.047 0.004 0.020 0.005 0.601 0.003 0.244 0.065 0.012 
 62    2008D    (0)   62 :  0.104 0.004 0.303 0.012 0.417 0.004 0.128 0.017 0.011 
 63    2008E    (0)   62 :  0.118 0.011 0.022 0.033 0.395 0.016 0.280 0.111 0.014 
 64    2008F    (0)   62 :  0.014 0.012 0.047 0.012 0.016 0.824 0.020 0.025 0.029 
 65    2008G    (0)   62 :  0.109 0.030 0.451 0.009 0.127 0.013 0.044 0.058 0.158 
 66    2008H    (0)   62 :  0.434 0.003 0.043 0.004 0.073 0.005 0.376 0.052 0.010 
 67    2033A    (0)   328 :  0.132 0.033 0.014 0.426 0.126 0.005 0.222 0.034 0.009 
 68    2159A    (0)   328 :  0.200 0.003 0.070 0.006 0.360 0.004 0.240 0.096 0.020 
 69    2159B    (0)   328 :  0.436 0.004 0.019 0.004 0.213 0.004 0.282 0.032 0.005 
 70    2159C    (0)   328 :  0.208 0.004 0.414 0.006 0.192 0.005 0.132 0.026 0.012 
 71    2159E    (0)   328 :  0.036 0.003 0.019 0.005 0.399 0.004 0.361 0.168 0.006 
 72    2341B    (0)   62 :  0.017 0.006 0.717 0.004 0.015 0.008 0.044 0.131 0.058 
 73    2341C    (0)   62 :  0.228 0.005 0.033 0.010 0.427 0.005 0.268 0.015 0.008 
 74    2351A    (0)   62 :  0.139 0.003 0.343 0.030 0.189 0.003 0.127 0.135 0.031 
 75    2366A    (0)   122 :  0.041 0.005 0.005 0.322 0.009 0.556 0.023 0.030 0.008 
 76    2366B    (0)   122 :  0.005 0.007 0.006 0.203 0.005 0.755 0.007 0.007 0.005 
 77    2366C    (0)   122 :  0.828 0.011 0.011 0.005 0.100 0.003 0.025 0.009 0.007 
 78    2366D    (0)   122 :  0.878 0.003 0.016 0.005 0.013 0.004 0.042 0.031 0.006 
 79    2409A    (0)   122 :  0.021 0.028 0.177 0.019 0.025 0.056 0.031 0.343 0.299 
 80    2423C    (0)   205 :  0.179 0.016 0.289 0.006 0.353 0.004 0.104 0.040 0.009 
 81    2423D    (0)   205 :  0.015 0.003 0.863 0.005 0.033 0.008 0.011 0.034 0.029 
 82    2423E    (0)   205 :  0.092 0.008 0.162 0.031 0.032 0.329 0.019 0.019 0.308 
 83    2856A    (0)   22 :  0.057 0.040 0.011 0.031 0.208 0.227 0.120 0.217 0.089 
 84    2856B    (0)   22 :  0.763 0.003 0.009 0.010 0.083 0.017 0.073 0.019 0.023 
 85    2856C    (0)   22 :  0.046 0.005 0.056 0.005 0.043 0.027 0.036 0.730 0.051 
 86    2856E    (0)   22 :  0.014 0.004 0.484 0.006 0.019 0.065 0.015 0.034 0.359 
 87    3026A    (0)   17 :  0.126 0.004 0.037 0.005 0.461 0.005 0.327 0.022 0.013 
 88    3026B    (0)   17 :  0.052 0.004 0.603 0.005 0.014 0.009 0.026 0.026 0.260 
 89    3253A    (0)   205 :  0.313 0.003 0.012 0.006 0.457 0.005 0.186 0.012 0.007 
 90    3280A    (0)   328 :  0.075 0.007 0.146 0.007 0.307 0.004 0.199 0.244 0.012 
 91    3280B    (0)   328 :  0.109 0.005 0.659 0.006 0.092 0.004 0.067 0.052 0.006 
 92    3760C    (0)   122 :  0.010 0.004 0.037 0.878 0.004 0.005 0.055 0.004 0.004 
 93    4249A    (0)   193 :  0.778 0.005 0.044 0.004 0.043 0.005 0.054 0.060 0.008 
 94    4316A    (0)   17 :  0.251 0.004 0.182 0.005 0.057 0.004 0.040 0.036 0.421 
 95    4316B    (0)   17 :  0.229 0.008 0.325 0.004 0.239 0.004 0.083 0.101 0.008 
 96    4316C    (0)   17 :  0.107 0.015 0.510 0.010 0.027 0.244 0.043 0.023 0.022 
 97    4316D    (0)   17 :  0.009 0.004 0.035 0.004 0.022 0.005 0.019 0.073 0.830 
 98    4316E    (0)   17 :  0.027 0.005 0.611 0.004 0.013 0.008 0.020 0.015 0.297 
 99    5597A    (0)   22 :  0.033 0.019 0.046 0.007 0.015 0.018 0.024 0.010 0.827 
100    5597B    (0)   22 :  0.161 0.004 0.026 0.006 0.534 0.004 0.220 0.029 0.017 
101    5597C    (0)   22 :  0.180 0.006 0.028 0.004 0.495 0.003 0.250 0.019 0.014 
102    5597D    (0)   22 :  0.029 0.073 0.040 0.012 0.171 0.519 0.096 0.022 0.039 
103    5637A    (0)   205 :  0.021 0.004 0.866 0.005 0.022 0.009 0.027 0.039 0.007 
104    5637C    (0)   205 :  0.052 0.011 0.018 0.056 0.275 0.115 0.435 0.030 0.008 
105    5637D    (0)   205 :  0.015 0.017 0.079 0.005 0.023 0.744 0.024 0.040 0.053 
106    5637E    (0)   205 :  0.021 0.006 0.040 0.009 0.011 0.707 0.012 0.021 0.172 
107    5912A    (0)   286 :  0.223 0.015 0.134 0.016 0.247 0.004 0.092 0.256 0.012 
108    5912B    (0)   286 :  0.045 0.004 0.017 0.004 0.616 0.004 0.241 0.062 0.007 
109    5912C    (0)   286 :  0.030 0.004 0.017 0.751 0.085 0.008 0.063 0.038 0.005 
110    5912D    (0)   286 :  0.019 0.011 0.020 0.055 0.026 0.838 0.016 0.009 0.007 
111    5954B    (0)   286 :  0.006 0.010 0.004 0.934 0.005 0.027 0.004 0.005 0.005 
112    5954C    (0)   286 :  0.004 0.003 0.003 0.004 0.003 0.970 0.004 0.003 0.005 
113    5954D    (0)   286 :  0.003 0.967 0.003 0.004 0.004 0.006 0.003 0.003 0.007 
114    5954E    (0)   286 :  0.005 0.954 0.003 0.007 0.003 0.019 0.003 0.003 0.003 
115    6136A    (0)   29 :  0.049 0.011 0.155 0.004 0.039 0.008 0.088 0.639 0.007 
116    6136B    (0)   29 :  0.019 0.003 0.767 0.112 0.009 0.006 0.032 0.012 0.041 
117    6136C    (0)   29 :  0.309 0.319 0.120 0.025 0.156 0.007 0.046 0.006 0.012 
118    6337A    (0)   328 :  0.016 0.006 0.016 0.006 0.028 0.036 0.021 0.834 0.037 
119    6337B    (0)   328 :  0.018 0.004 0.028 0.004 0.055 0.003 0.034 0.848 0.007 
120    6337C    (0)   328 :  0.029 0.006 0.024 0.004 0.027 0.006 0.026 0.871 0.007 
121    6337D    (0)   328 :  0.096 0.012 0.016 0.004 0.078 0.199 0.412 0.012 0.170 
122    6337E    (0)   328 :  0.062 0.010 0.310 0.012 0.118 0.017 0.350 0.032 0.088 
123    6382C    (0)   122 :  0.140 0.006 0.032 0.005 0.447 0.003 0.142 0.212 0.012 
124    6382E    (0)   122 :  0.661 0.008 0.056 0.007 0.226 0.005 0.018 0.014 0.005 
125    6382F    (0)   122 :  0.025 0.005 0.022 0.580 0.015 0.326 0.009 0.004 0.013 
126    6382G    (0)   122 :  0.054 0.017 0.044 0.012 0.103 0.019 0.263 0.032 0.457 
127    6514C    (0)   62 :  0.036 0.021 0.018 0.008 0.354 0.005 0.229 0.318 0.013 
128    6514E    (0)   62 :  0.035 0.010 0.040 0.007 0.545 0.007 0.248 0.098 0.010 
129    6514F    (0)   62 :  0.556 0.004 0.046 0.006 0.165 0.004 0.177 0.034 0.007 
130    6514G    (0)   62 :  0.047 0.430 0.005 0.022 0.235 0.130 0.108 0.017 0.005 
131    6514H    (0)   62 :  0.127 0.023 0.168 0.005 0.024 0.176 0.325 0.015 0.137 
132    6546B    (0)   328 :  0.137 0.670 0.033 0.004 0.013 0.004 0.008 0.122 0.010 
133    6546C    (0)   328 :  0.045 0.059 0.022 0.013 0.038 0.356 0.057 0.045 0.366 
134    6706A    (0)   193 :  0.058 0.515 0.143 0.008 0.109 0.066 0.047 0.039 0.015 
135    6706B    (0)   193 :  0.117 0.698 0.014 0.006 0.025 0.053 0.032 0.034 0.020 
136    6723B    (0)   22 :  0.004 0.008 0.004 0.234 0.004 0.732 0.005 0.004 0.004 


Estimated Allele Frequencies in each cluster
First column gives estimated ancestral frequencies


Locus 1 : 
9 alleles
0.0% missing data
 148   (0.631) 0.699 0.696 0.740 0.295 0.748 0.726 0.658 0.652 0.834 
 146   (0.149) 0.129 0.083 0.070 0.045 0.117 0.137 0.219 0.275 0.073 
 147   (0.093) 0.124 0.046 0.137 0.023 0.084 0.124 0.058 0.039 0.021 
   0   (0.021) 0.006 0.003 0.004 0.502 0.005 0.003 0.006 0.005 0.035 
 142   (0.022) 0.014 0.003 0.006 0.005 0.021 0.001 0.031 0.007 0.011 
 137   (0.016) 0.006 0.002 0.009 0.004 0.010 0.001 0.007 0.004 0.003 
 161   (0.026) 0.010 0.004 0.011 0.116 0.006 0.006 0.009 0.007 0.011 
 172   (0.022) 0.006 0.003 0.018 0.005 0.005 0.001 0.007 0.006 0.010 
 151   (0.020) 0.005 0.158 0.004 0.005 0.004 0.001 0.005 0.005 0.003 

Locus 2 : 
17 alleles
0.0% missing data
 197   (0.240) 0.358 0.057 0.348 0.077 0.327 0.232 0.289 0.299 0.443 
 205   (0.113) 0.093 0.225 0.113 0.044 0.143 0.085 0.087 0.114 0.037 
 199   (0.069) 0.041 0.433 0.029 0.017 0.069 0.009 0.048 0.076 0.103 
 201   (0.142) 0.253 0.194 0.142 0.057 0.124 0.287 0.219 0.103 0.098 
 203   (0.070) 0.071 0.010 0.146 0.023 0.021 0.048 0.031 0.090 0.051 
 213   (0.039) 0.035 0.007 0.010 0.027 0.054 0.003 0.048 0.077 0.007 
 227   (0.037) 0.017 0.010 0.027 0.011 0.021 0.005 0.055 0.013 0.088 
 221   (0.031) 0.021 0.005 0.007 0.008 0.036 0.004 0.061 0.011 0.007 
 211   (0.052) 0.034 0.010 0.092 0.012 0.068 0.004 0.048 0.019 0.104 
 215   (0.023) 0.011 0.003 0.005 0.006 0.008 0.001 0.011 0.080 0.004 
   0   (0.032) 0.009 0.005 0.006 0.552 0.007 0.208 0.008 0.008 0.015 
 217   (0.035) 0.011 0.005 0.015 0.009 0.033 0.002 0.022 0.067 0.024 
 191   (0.032) 0.014 0.021 0.012 0.009 0.043 0.017 0.030 0.016 0.007 
 193   (0.043) 0.015 0.007 0.011 0.086 0.037 0.091 0.027 0.015 0.006 
 219   (0.015) 0.006 0.002 0.016 0.003 0.005 0.001 0.006 0.005 0.002 
 241   (0.011) 0.003 0.002 0.003 0.056 0.002 0.001 0.004 0.003 0.002 
 207   (0.017) 0.007 0.003 0.017 0.004 0.004 0.004 0.006 0.005 0.003 

Locus 3 : 
10 alleles
0.0% missing data
 201   (0.236) 0.291 0.057 0.215 0.086 0.381 0.028 0.339 0.203 0.305 
 207   (0.299) 0.402 0.234 0.384 0.084 0.374 0.186 0.318 0.198 0.227 
 204   (0.210) 0.159 0.165 0.253 0.116 0.126 0.026 0.221 0.394 0.255 
   0   (0.046) 0.012 0.457 0.009 0.528 0.010 0.710 0.013 0.011 0.008 
 210   (0.107) 0.084 0.063 0.118 0.031 0.083 0.029 0.078 0.117 0.102 
 219   (0.020) 0.006 0.003 0.004 0.009 0.005 0.015 0.006 0.008 0.038 
 198   (0.024) 0.030 0.004 0.005 0.006 0.007 0.001 0.009 0.015 0.004 
 213   (0.022) 0.006 0.012 0.004 0.005 0.005 0.002 0.006 0.006 0.056 
 216   (0.018) 0.005 0.003 0.003 0.130 0.004 0.001 0.005 0.004 0.003 
 189   (0.017) 0.005 0.003 0.004 0.004 0.004 0.001 0.005 0.045 0.004 

Locus 4 : 
13 alleles
0.0% missing data
 138   (0.118) 0.089 0.026 0.198 0.222 0.123 0.008 0.121 0.062 0.179 
 140   (0.186) 0.270 0.031 0.179 0.178 0.140 0.031 0.204 0.300 0.199 
 132   (0.153) 0.163 0.130 0.085 0.271 0.223 0.166 0.169 0.130 0.073 
 154   (0.014) 0.010 0.002 0.004 0.003 0.007 0.001 0.005 0.011 0.002 
 142   (0.128) 0.080 0.069 0.217 0.073 0.092 0.076 0.088 0.210 0.182 
 134   (0.051) 0.024 0.525 0.018 0.035 0.023 0.004 0.028 0.057 0.029 
 128   (0.034) 0.015 0.006 0.010 0.008 0.017 0.103 0.085 0.024 0.018 
   0   (0.067) 0.078 0.015 0.040 0.141 0.027 0.593 0.043 0.052 0.192 
 136   (0.106) 0.134 0.073 0.083 0.030 0.165 0.007 0.108 0.077 0.097 
 144   (0.054) 0.060 0.068 0.123 0.014 0.032 0.003 0.059 0.022 0.014 
 146   (0.026) 0.023 0.005 0.012 0.007 0.015 0.001 0.009 0.031 0.004 
 152   (0.028) 0.027 0.030 0.010 0.008 0.032 0.002 0.022 0.010 0.004 
 130   (0.036) 0.027 0.020 0.020 0.010 0.103 0.005 0.059 0.015 0.006 

Locus 5 : 
10 alleles
0.0% missing data
 257   (0.358) 0.460 0.239 0.518 0.371 0.431 0.113 0.420 0.459 0.105 
 271   (0.056) 0.079 0.103 0.015 0.013 0.051 0.003 0.032 0.042 0.009 
 259   (0.322) 0.312 0.328 0.261 0.192 0.397 0.051 0.386 0.334 0.354 
   0   (0.068) 0.034 0.287 0.030 0.112 0.017 0.824 0.043 0.054 0.183 
 261   (0.054) 0.027 0.009 0.105 0.026 0.023 0.003 0.028 0.025 0.261 
 263   (0.017) 0.005 0.002 0.004 0.006 0.004 0.001 0.005 0.004 0.056 
 269   (0.033) 0.014 0.005 0.011 0.111 0.016 0.002 0.015 0.030 0.005 
 273   (0.058) 0.041 0.021 0.049 0.161 0.054 0.003 0.060 0.023 0.021 
 265   (0.015) 0.022 0.002 0.004 0.004 0.003 0.001 0.005 0.004 0.002 
 267   (0.018) 0.005 0.003 0.004 0.004 0.004 0.001 0.005 0.025 0.003 

Locus 6 : 
16 alleles
0.0% missing data
 147   (0.159) 0.284 0.078 0.136 0.046 0.158 0.495 0.278 0.147 0.130 
 141   (0.119) 0.076 0.102 0.131 0.043 0.144 0.024 0.116 0.164 0.289 
 149   (0.093) 0.046 0.017 0.035 0.057 0.136 0.130 0.124 0.153 0.136 
 159   (0.059) 0.030 0.011 0.179 0.019 0.034 0.010 0.030 0.058 0.113 
 137   (0.077) 0.043 0.014 0.235 0.020 0.061 0.043 0.050 0.169 0.023 
 139   (0.035) 0.077 0.036 0.011 0.009 0.015 0.002 0.012 0.035 0.010 
 161   (0.059) 0.034 0.183 0.015 0.015 0.091 0.004 0.057 0.019 0.137 
 151   (0.060) 0.050 0.090 0.033 0.048 0.154 0.023 0.091 0.032 0.021 
 153   (0.079) 0.125 0.015 0.044 0.154 0.060 0.072 0.046 0.072 0.034 
 165   (0.059) 0.054 0.116 0.042 0.014 0.028 0.014 0.026 0.044 0.056 
 145   (0.056) 0.083 0.015 0.046 0.046 0.063 0.058 0.093 0.024 0.010 
 135   (0.014) 0.004 0.005 0.004 0.004 0.004 0.024 0.004 0.006 0.002 
 157   (0.041) 0.054 0.008 0.036 0.010 0.016 0.003 0.021 0.051 0.024 
   0   (0.029) 0.008 0.301 0.006 0.346 0.008 0.002 0.016 0.007 0.004 
 143   (0.041) 0.022 0.006 0.036 0.107 0.023 0.094 0.026 0.012 0.006 
 155   (0.019) 0.008 0.003 0.011 0.064 0.007 0.001 0.009 0.007 0.003 

Locus 7 : 
5 alleles
0.0% missing data
 138   (0.731) 0.775 0.603 0.808 0.586 0.780 0.789 0.805 0.859 0.783 
 144   (0.076) 0.049 0.208 0.107 0.018 0.056 0.006 0.040 0.024 0.091 
 132   (0.154) 0.164 0.181 0.074 0.095 0.153 0.183 0.125 0.106 0.121 
   0   (0.022) 0.006 0.005 0.008 0.283 0.008 0.001 0.025 0.006 0.003 
 135   (0.017) 0.005 0.003 0.003 0.018 0.004 0.021 0.005 0.004 0.003 

Locus 8 : 
13 alleles
0.0% missing data
 276   (0.054) 0.096 0.018 0.038 0.012 0.062 0.005 0.045 0.021 0.016 
 286   (0.125) 0.157 0.088 0.203 0.030 0.101 0.010 0.078 0.165 0.033 
 278   (0.194) 0.221 0.048 0.113 0.129 0.308 0.042 0.298 0.165 0.192 
 270   (0.026) 0.008 0.004 0.050 0.006 0.007 0.002 0.014 0.009 0.042 
 280   (0.204) 0.116 0.104 0.333 0.046 0.228 0.055 0.191 0.347 0.169 
 266   (0.032) 0.011 0.005 0.013 0.007 0.016 0.002 0.019 0.140 0.023 
   0   (0.096) 0.039 0.663 0.024 0.642 0.041 0.855 0.111 0.034 0.149 
 282   (0.124) 0.195 0.039 0.170 0.062 0.153 0.014 0.126 0.063 0.135 
 274   (0.025) 0.010 0.005 0.012 0.006 0.028 0.001 0.031 0.007 0.006 
 290   (0.026) 0.008 0.007 0.006 0.006 0.010 0.002 0.010 0.014 0.160 
 284   (0.037) 0.058 0.007 0.017 0.042 0.022 0.006 0.014 0.011 0.009 
 288   (0.039) 0.052 0.009 0.017 0.008 0.014 0.006 0.053 0.020 0.065 
 272   (0.019) 0.029 0.003 0.004 0.004 0.011 0.001 0.011 0.005 0.003 

Locus 9 : 
16 alleles
0.0% missing data
 146   (0.385) 0.461 0.206 0.520 0.399 0.476 0.483 0.458 0.518 0.459 
 178   (0.029) 0.073 0.004 0.009 0.062 0.008 0.002 0.014 0.014 0.005 
 170   (0.052) 0.050 0.008 0.057 0.153 0.028 0.006 0.041 0.016 0.044 
 166   (0.071) 0.037 0.011 0.067 0.042 0.104 0.023 0.072 0.063 0.026 
 172   (0.050) 0.029 0.007 0.019 0.014 0.073 0.003 0.061 0.018 0.137 
 168   (0.088) 0.055 0.014 0.132 0.026 0.067 0.038 0.080 0.090 0.148 
 162   (0.015) 0.012 0.004 0.006 0.031 0.006 0.001 0.014 0.012 0.003 
 148   (0.069) 0.036 0.049 0.081 0.080 0.070 0.319 0.049 0.051 0.020 
 160   (0.067) 0.099 0.011 0.047 0.063 0.093 0.011 0.067 0.097 0.034 
 174   (0.025) 0.078 0.004 0.019 0.006 0.010 0.001 0.011 0.008 0.009 
 158   (0.034) 0.027 0.005 0.012 0.009 0.021 0.008 0.072 0.010 0.053 
   0   (0.020) 0.006 0.582 0.004 0.008 0.005 0.001 0.012 0.005 0.037 
 154   (0.035) 0.012 0.005 0.010 0.041 0.020 0.101 0.023 0.057 0.018 
 164   (0.015) 0.008 0.002 0.003 0.004 0.008 0.001 0.012 0.005 0.002 
 180   (0.021) 0.006 0.003 0.005 0.058 0.005 0.001 0.007 0.005 0.003 
 142   (0.023) 0.012 0.086 0.009 0.005 0.005 0.001 0.008 0.029 0.003 

Locus 10 : 
8 alleles
0.0% missing data
 158   (0.743) 0.795 0.133 0.846 0.717 0.838 0.885 0.809 0.898 0.772 
 160   (0.123) 0.158 0.016 0.096 0.075 0.119 0.021 0.124 0.066 0.143 
 154   (0.027) 0.011 0.003 0.008 0.007 0.014 0.001 0.014 0.007 0.055 
 156   (0.019) 0.006 0.003 0.004 0.024 0.004 0.085 0.005 0.005 0.003 
 152   (0.026) 0.008 0.003 0.032 0.162 0.006 0.001 0.011 0.007 0.004 
   0   (0.023) 0.008 0.836 0.005 0.006 0.006 0.002 0.006 0.006 0.003 
 144   (0.021) 0.008 0.003 0.005 0.005 0.006 0.004 0.019 0.005 0.008 
 162   (0.019) 0.007 0.003 0.005 0.005 0.006 0.001 0.012 0.006 0.012 

Locus 11 : 
15 alleles
0.0% missing data
 214   (0.112) 0.276 0.129 0.110 0.049 0.111 0.011 0.076 0.059 0.038 
 220   (0.115) 0.198 0.013 0.119 0.044 0.125 0.007 0.146 0.149 0.042 
 210   (0.072) 0.109 0.015 0.029 0.020 0.134 0.005 0.074 0.088 0.017 
 218   (0.244) 0.191 0.028 0.416 0.070 0.323 0.016 0.298 0.453 0.112 
 192   (0.020) 0.006 0.002 0.009 0.006 0.005 0.002 0.007 0.006 0.020 
 194   (0.021) 0.006 0.002 0.009 0.006 0.005 0.002 0.007 0.006 0.020 
 212   (0.041) 0.026 0.006 0.021 0.012 0.033 0.008 0.048 0.019 0.014 
   0   (0.100) 0.040 0.764 0.027 0.408 0.032 0.922 0.078 0.073 0.663 
 222   (0.087) 0.039 0.011 0.149 0.040 0.099 0.013 0.131 0.063 0.025 
 224   (0.029) 0.009 0.003 0.011 0.011 0.010 0.008 0.012 0.026 0.008 
 216   (0.071) 0.071 0.016 0.030 0.173 0.095 0.004 0.071 0.031 0.022 
 200   (0.020) 0.005 0.002 0.005 0.066 0.004 0.001 0.007 0.005 0.003 
 204   (0.018) 0.005 0.002 0.004 0.065 0.004 0.001 0.006 0.005 0.003 
 188   (0.027) 0.010 0.003 0.055 0.025 0.009 0.001 0.032 0.008 0.010 
 208   (0.021) 0.008 0.002 0.005 0.006 0.012 0.001 0.008 0.010 0.003 

Locus 12 : 
18 alleles
0.0% missing data
 144   (0.031) 0.074 0.005 0.007 0.111 0.009 0.009 0.018 0.014 0.004 
 162   (0.022) 0.089 0.091 0.007 0.006 0.019 0.001 0.008 0.015 0.003 
 170   (0.044) 0.039 0.006 0.013 0.012 0.052 0.003 0.035 0.049 0.007 
   0   (0.043) 0.014 0.008 0.230 0.025 0.011 0.477 0.014 0.012 0.715 
 148   (0.087) 0.075 0.013 0.078 0.035 0.081 0.171 0.112 0.091 0.018 
 142   (0.073) 0.041 0.024 0.029 0.092 0.089 0.019 0.085 0.228 0.020 
 154   (0.043) 0.041 0.009 0.020 0.013 0.039 0.005 0.051 0.036 0.009 
 146   (0.314) 0.364 0.488 0.429 0.343 0.418 0.284 0.444 0.283 0.072 
 164   (0.048) 0.073 0.007 0.011 0.011 0.064 0.003 0.041 0.038 0.007 
 168   (0.031) 0.018 0.005 0.029 0.008 0.029 0.002 0.021 0.011 0.012 
 156   (0.068) 0.057 0.010 0.018 0.019 0.074 0.010 0.060 0.104 0.097 
 172   (0.034) 0.018 0.005 0.039 0.096 0.032 0.004 0.030 0.013 0.005 
 166   (0.068) 0.057 0.053 0.041 0.018 0.044 0.008 0.045 0.073 0.018 
 158   (0.025) 0.014 0.015 0.027 0.137 0.008 0.002 0.009 0.007 0.003 
 150   (0.017) 0.005 0.025 0.004 0.006 0.008 0.001 0.009 0.005 0.002 
 174   (0.010) 0.003 0.001 0.003 0.058 0.002 0.001 0.004 0.002 0.001 
 182   (0.017) 0.010 0.003 0.010 0.004 0.007 0.001 0.006 0.006 0.002 
 160   (0.025) 0.007 0.233 0.005 0.006 0.011 0.001 0.011 0.012 0.003 

Locus 13 : 
16 alleles
0.0% missing data
 285   (0.278) 0.370 0.077 0.173 0.241 0.318 0.023 0.367 0.264 0.153 
 291   (0.106) 0.139 0.025 0.038 0.049 0.183 0.008 0.153 0.060 0.079 
 289   (0.151) 0.157 0.021 0.268 0.161 0.231 0.007 0.115 0.151 0.022 
   0   (0.129) 0.044 0.761 0.235 0.158 0.044 0.931 0.145 0.049 0.674 
 277   (0.033) 0.043 0.006 0.009 0.009 0.032 0.003 0.019 0.032 0.006 
 273   (0.033) 0.010 0.005 0.008 0.008 0.011 0.002 0.012 0.296 0.006 
 293   (0.027) 0.011 0.004 0.170 0.010 0.007 0.002 0.012 0.009 0.004 
 287   (0.055) 0.069 0.008 0.021 0.040 0.028 0.014 0.055 0.050 0.008 
 295   (0.048) 0.063 0.007 0.012 0.012 0.065 0.002 0.047 0.018 0.007 
 301   (0.017) 0.009 0.004 0.003 0.005 0.009 0.001 0.009 0.006 0.003 
 303   (0.031) 0.011 0.044 0.012 0.014 0.022 0.001 0.024 0.016 0.005 
 279   (0.027) 0.017 0.004 0.026 0.007 0.012 0.001 0.015 0.008 0.023 
 181   (0.013) 0.004 0.002 0.004 0.003 0.003 0.001 0.005 0.021 0.003 
 283   (0.013) 0.004 0.002 0.003 0.272 0.003 0.001 0.004 0.003 0.002 
 281   (0.016) 0.007 0.002 0.004 0.004 0.013 0.001 0.010 0.004 0.002 
 297   (0.024) 0.043 0.029 0.014 0.008 0.019 0.001 0.010 0.010 0.003 

Values of parameters used in structure:
DATAFILE=bws18_structure.txt,	OUTFILE=bws18_structurek9_2_results,	NUMINDS=136,	NUMLOCI=13,	MISSING=-9,	LABEL=1,	POPDATA=1,	POPFLAG=0,	PHENOTYPE=0,	EXTRACOLS=0,	MAXPOPS=9,	BURNIN=10000,	NUMREPS=20000,	USEPOPINFO=0,	INFERALPHA=1,	INFERLAMBDA=0,	POPSPECIFICLAMBDA=0,	POPALPHAS=0,	COMPUTEPROB=1,	NOADMIX=0,	ADMBURNIN=500,	UPDATEFREQ=100,	PRINTLIKES=0,	INTERMEDSAVE=0,	PRINTKLD=0,	PRINTNET=1,	PRINTLAMBDA=1,	ANCESTDIST=0,	NUMBOXES=1000,	ANCESTPINT=0.90000,	GENSBACK=2,	MIGRPRIOR=0.01000,	PRINTQHAT=0,	PRINTQSUM=1,	ALPHA=1.0000,	FREQSCORR=1,	FPRIORMEAN=0.0100,	FPRIORSD=0.0500,	ONEFST=0,	LAMBDA=1.0000,	UNIFPRIORALPHA=1,	ALPHAMAX=10.0000,	ALPHAPRIORA=1.0000,	ALPHAPRIORB=2.0000,	ALPHAPROPSD=0.0250,	STARTATPOPINFO=0,	RANDOMIZE=1,	LINKAGE=0,	METROFREQ=10,	REPORTHITRATE=0,	MARKOVPHASE=0,	PHASED=0,	PLOIDY=2,	PHASEINFO=0	LOCPRIOR=0, 	LOCPRIORINIT=1.000000, 	LOCDATA=0, 	LOCISPOP=1, 	LOCPRIORSTEP=0.100000, 	MAXLOCPRIOR=20.000000, 	SEED=1682096091,	
[STRAT parameters]:    NUMSIMSTATS=1000,	PHENOTYPECOL=-9,	POOLFREQ=10,	LOCUSxONLY=0,	EMERROR=0.00100,	MISSINGPHENO=-9,	