

----------------------------------------------------
STRUCTURE by Pritchard, Stephens and Donnelly (2000)
     and Falush, Stephens and Pritchard (2003)
       Code by Pritchard, Falush and Hubisz
             Version 2.3.4 (Jul 2012)
----------------------------------------------------



Command line arguments:   ./structure -m mainparams_bws17_k3_3 
Input File:    bws17_structure.txt

Run parameters:
   97 individuals
   12 loci
   3 populations assumed
   10000 Burn-in period
   20000 Reps


--------------------------------------------
Proportion of membership of each pre-defined
 population in each of the 3 clusters

Given    Inferred Clusters       Number of
 Pop       1      2      3      Individuals

  1:     0.193  0.354  0.453       15
  2:     0.254  0.345  0.402       21
  3:     0.236  0.427  0.337       22
  4:     0.312  0.344  0.344       10
  5:     0.222  0.329  0.449       12
  6:     0.187  0.587  0.226       17
--------------------------------------------

Allele-freq. divergence among pops (Net nucleotide distance),
computed using point estimates of P.

      1       2       3      
 1      -    0.0533  0.0448  
 2   0.0533     -    0.0397  
 3   0.0448  0.0397     -    

Average distances (expected heterozygosity) between individuals in same cluster:
cluster  1  : 0.8181 
cluster  2  : 0.5980 
cluster  3  : 0.6172 

--------------------------------------------
Estimated Ln Prob of Data   = -3629.4
Mean value of ln likelihood = -3326.3
Variance of ln likelihood   = 606.3
Mean value of alpha         = 0.4090

Mean value of Fst_1         = 0.0040
Mean value of Fst_2         = 0.2174
Mean value of Fst_3         = 0.1886


Inferred ancestry of individuals:
        Label (%Miss) Pop:  Inferred clusters
  1       12    (0)    1 :  0.220 0.514 0.266 
  2       45   (16)    2 :  0.098 0.600 0.302 
  3       68    (0)    3 :  0.669 0.207 0.124 
  4    0078F   (50)    6 :  0.206 0.560 0.234 
  5       89    (0)    4 :  0.281 0.328 0.391 
  6      110    (0)    4 :  0.093 0.819 0.088 
  7      124    (8)    2 :  0.682 0.236 0.082 
  8      148    (0)    4 :  0.151 0.695 0.154 
  9      192    (0)    4 :  0.494 0.178 0.327 
 10      224    (0)    3 :  0.270 0.361 0.369 
 11      304    (8)    3 :  0.049 0.103 0.848 
 12      307    (0)    3 :  0.772 0.088 0.140 
 13      315    (0)    5 :  0.082 0.589 0.329 
 14      335    (8)    2 :  0.479 0.120 0.400 
 15      336    (0)    5 :  0.232 0.157 0.610 
 16      385    (8)    3 :  0.113 0.530 0.357 
 17      397    (0)    5 :  0.081 0.337 0.581 
 18      398    (8)    3 :  0.230 0.580 0.190 
 19      434    (8)    2 :  0.929 0.039 0.032 
 20      445    (0)    2 :  0.122 0.142 0.736 
 21      453    (0)    1 :  0.103 0.288 0.608 
 22      456    (8)    1 :  0.099 0.315 0.587 
 23      496    (0)    1 :  0.190 0.669 0.141 
 24      564    (8)    3 :  0.163 0.083 0.754 
 25      583    (0)    3 :  0.175 0.491 0.334 
 26      655    (8)    5 :  0.130 0.100 0.770 
 27      830    (0)    3 :  0.113 0.773 0.114 
 28      879    (8)    1 :  0.168 0.166 0.665 
 29      886    (0)    3 :  0.140 0.478 0.383 
 30      897    (0)    4 :  0.810 0.067 0.124 
 31      917    (0)    4 :  0.063 0.401 0.537 
 32      933    (8)    3 :  0.249 0.618 0.133 
 33      941   (16)    3 :  0.059 0.670 0.271 
 34      966    (8)    3 :  0.221 0.236 0.543 
 35     1028    (0)    5 :  0.214 0.277 0.509 
 36     1067    (0)    4 :  0.088 0.115 0.797 
 37     1071    (0)    1 :  0.143 0.083 0.774 
 38     1112    (0)    3 :  0.140 0.608 0.253 
 39    1285B    (8)    6 :  0.115 0.717 0.168 
 40    1285D    (0)    6 :  0.094 0.798 0.108 
 41    1285E    (0)    6 :  0.550 0.367 0.083 
 42    1285F   (25)    6 :  0.163 0.357 0.480 
 43    1285G    (0)    6 :  0.097 0.617 0.286 
 44    1285I    (0)    6 :  0.153 0.601 0.246 
 45     1287   (41)    5 :  0.285 0.217 0.498 
 46     1312    (8)    5 :  0.945 0.027 0.028 
 47     1326   (16)    4 :  0.080 0.579 0.341 
 48     1343    (8)    3 :  0.235 0.448 0.317 
 49     1353    (0)    3 :  0.063 0.113 0.824 
 50     1357    (8)    2 :  0.287 0.107 0.606 
 51     1362    (0)    4 :  0.107 0.234 0.659 
 52     1391    (8)    2 :  0.761 0.161 0.077 
 53     1409    (0)    2 :  0.082 0.763 0.155 
 54     1424    (8)    1 :  0.210 0.110 0.680 
 55    1424C   (33)    1 :  0.089 0.820 0.091 
 56    1424E   (16)    1 :  0.058 0.177 0.765 
 57    1424F   (33)    1 :  0.163 0.066 0.771 
 58    1424G   (33)    1 :  0.107 0.115 0.778 
 59     1432    (0)    6 :  0.049 0.800 0.151 
 60     1442    (0)    2 :  0.191 0.307 0.501 
 61     1450   (25)    5 :  0.170 0.374 0.456 
 62     1476    (0)    2 :  0.098 0.128 0.774 
 63     1519    (0)    2 :  0.068 0.716 0.217 
 64     1568    (0)    3 :  0.325 0.417 0.258 
 65     1579   (25)    2 :  0.056 0.120 0.824 
 66     1614    (8)    2 :  0.163 0.394 0.443 
 67     1617   (16)    1 :  0.930 0.036 0.034 
 68     1621    (0)    2 :  0.115 0.597 0.288 
 69     1825    (8)    2 :  0.206 0.220 0.574 
 70     1829    (8)    1 :  0.103 0.724 0.173 
 71     1836    (0)    4 :  0.957 0.022 0.022 
 72     1868   (41)    3 :  0.851 0.061 0.088 
 73     1900    (0)    2 :  0.090 0.604 0.306 
 74     1923    (0)    2 :  0.194 0.216 0.591 
 75     1924    (8)    6 :  0.126 0.761 0.112 
 76     1938    (0)    2 :  0.260 0.302 0.438 
 77     1945    (0)    5 :  0.133 0.708 0.159 
 78     2016   (16)    1 :  0.076 0.619 0.305 
 79     2066   (16)    5 :  0.134 0.245 0.621 
 80     3027    (8)    2 :  0.176 0.455 0.368 
 81     3051    (0)    3 :  0.034 0.914 0.051 
 82     3056    (0)    2 :  0.226 0.559 0.215 
 83     3079    (0)    5 :  0.183 0.229 0.588 
 84     3093   (16)    3 :  0.064 0.703 0.233 
 85    3129B   (41)    6 :  0.587 0.288 0.125 
 86    3129C   (41)    6 :  0.067 0.170 0.763 
 87    3129H   (25)    6 :  0.239 0.608 0.153 
 88    3129L   (41)    6 :  0.306 0.599 0.095 
 89    3129N   (41)    6 :  0.175 0.583 0.242 
 90    3129O   (25)    6 :  0.089 0.762 0.149 
 91    3129P    (8)    6 :  0.061 0.823 0.115 
 92     3141    (0)    3 :  0.094 0.702 0.204 
 93     3144    (0)    2 :  0.045 0.450 0.506 
 94     3167    (0)    1 :  0.241 0.608 0.152 
 95     3174    (8)    5 :  0.068 0.687 0.245 
 96     3177    (0)    6 :  0.107 0.566 0.327 
 97     3271    (8)    3 :  0.160 0.217 0.623 


Estimated Allele Frequencies in each cluster
First column gives estimated ancestral frequencies


Locus 1 : 
6 alleles
0.0% missing data
 148   (0.505) 0.496 0.808 0.799 
 146   (0.144) 0.143 0.101 0.079 
 147   (0.149) 0.145 0.081 0.108 
 160   (0.143) 0.158 0.007 0.010 
 172   (0.030) 0.029 0.002 0.002 
 158   (0.029) 0.029 0.001 0.002 

Locus 2 : 
18 alleles
1.0% missing data
 199   (0.082) 0.084 0.045 0.051 
 201   (0.105) 0.102 0.380 0.131 
 197   (0.151) 0.149 0.404 0.396 
 205   (0.112) 0.115 0.060 0.068 
 211   (0.071) 0.072 0.028 0.083 
 225   (0.031) 0.031 0.004 0.005 
 207   (0.031) 0.031 0.003 0.010 
 217   (0.030) 0.030 0.002 0.011 
 193   (0.044) 0.042 0.025 0.026 
 203   (0.046) 0.045 0.012 0.052 
 191   (0.047) 0.044 0.013 0.127 
 255   (0.065) 0.073 0.003 0.004 
 195   (0.033) 0.035 0.002 0.003 
 223   (0.024) 0.022 0.002 0.005 
 241   (0.041) 0.044 0.003 0.006 
 237   (0.024) 0.024 0.001 0.002 
 213   (0.038) 0.036 0.010 0.018 
 215   (0.023) 0.022 0.003 0.003 

Locus 3 : 
10 alleles
9.3% missing data
 201   (0.204) 0.202 0.346 0.337 
 210   (0.137) 0.136 0.080 0.183 
 204   (0.207) 0.209 0.140 0.220 
 207   (0.258) 0.258 0.422 0.232 
 214   (0.027) 0.027 0.002 0.002 
 192   (0.055) 0.059 0.003 0.004 
 198   (0.029) 0.027 0.002 0.009 
 189   (0.028) 0.028 0.002 0.002 
 219   (0.029) 0.027 0.002 0.009 
 183   (0.026) 0.027 0.001 0.002 

Locus 4 : 
14 alleles
3.1% missing data
 140   (0.100) 0.097 0.333 0.093 
 142   (0.107) 0.106 0.106 0.303 
 138   (0.144) 0.150 0.088 0.069 
 152   (0.037) 0.036 0.015 0.011 
 146   (0.039) 0.038 0.011 0.013 
 132   (0.102) 0.103 0.259 0.036 
 134   (0.113) 0.118 0.027 0.074 
 130   (0.075) 0.072 0.035 0.155 
 136   (0.096) 0.096 0.053 0.156 
 128   (0.044) 0.043 0.006 0.033 
 150   (0.024) 0.024 0.001 0.002 
 144   (0.063) 0.060 0.059 0.050 
 148   (0.033) 0.034 0.003 0.003 
 160   (0.023) 0.023 0.002 0.002 

Locus 5 : 
9 alleles
7.2% missing data
 257   (0.224) 0.219 0.291 0.343 
 259   (0.300) 0.295 0.587 0.533 
 271   (0.094) 0.094 0.073 0.014 
 273   (0.129) 0.139 0.012 0.017 
 255   (0.065) 0.067 0.004 0.017 
 261   (0.082) 0.080 0.022 0.060 
 269   (0.038) 0.036 0.006 0.012 
 243   (0.040) 0.041 0.002 0.003 
 265   (0.028) 0.028 0.002 0.002 

Locus 6 : 
11 alleles
26.8% missing data
 155   (0.281) 0.280 0.665 0.409 
 170   (0.106) 0.108 0.048 0.069 
 173   (0.061) 0.060 0.035 0.012 
 164   (0.085) 0.084 0.122 0.017 
 158   (0.164) 0.164 0.062 0.388 
 149   (0.058) 0.061 0.005 0.012 
 188   (0.060) 0.057 0.030 0.064 
 161   (0.058) 0.062 0.004 0.005 
 152   (0.031) 0.031 0.003 0.003 
 143   (0.056) 0.056 0.017 0.008 
 200   (0.039) 0.038 0.008 0.014 

Locus 7 : 
18 alleles
5.2% missing data
 145   (0.052) 0.049 0.021 0.192 
 157   (0.048) 0.050 0.014 0.009 
 137   (0.060) 0.058 0.093 0.031 
 159   (0.085) 0.087 0.079 0.046 
 149   (0.113) 0.117 0.089 0.099 
 151   (0.090) 0.091 0.231 0.061 
 139   (0.056) 0.059 0.013 0.017 
 147   (0.096) 0.094 0.257 0.135 
 153   (0.062) 0.061 0.131 0.010 
 141   (0.054) 0.052 0.010 0.259 
 161   (0.066) 0.066 0.027 0.067 
 143   (0.028) 0.027 0.002 0.019 
 165   (0.056) 0.056 0.019 0.036 
 181   (0.021) 0.020 0.003 0.008 
 135   (0.023) 0.023 0.002 0.002 
 155   (0.041) 0.046 0.002 0.003 
 177   (0.024) 0.022 0.003 0.006 
 132   (0.024) 0.024 0.002 0.002 

Locus 8 : 
6 alleles
28.9% missing data
 132   (0.138) 0.136 0.200 0.074 
 138   (0.670) 0.677 0.766 0.851 
 135   (0.034) 0.032 0.003 0.010 
 141   (0.054) 0.052 0.018 0.022 
 144   (0.051) 0.048 0.010 0.038 
 129   (0.052) 0.055 0.003 0.005 

Locus 9 : 
14 alleles
14.4% missing data
 266   (0.050) 0.050 0.025 0.009 
 288   (0.055) 0.056 0.011 0.015 
 282   (0.139) 0.142 0.328 0.072 
 286   (0.108) 0.108 0.232 0.061 
 278   (0.140) 0.140 0.145 0.222 
 280   (0.162) 0.167 0.047 0.301 
 274   (0.070) 0.072 0.011 0.088 
 276   (0.044) 0.041 0.081 0.011 
 292   (0.024) 0.024 0.002 0.002 
 270   (0.051) 0.047 0.072 0.022 
 272   (0.036) 0.033 0.004 0.088 
 284   (0.060) 0.057 0.037 0.099 
 300   (0.036) 0.038 0.002 0.003 
 290   (0.026) 0.024 0.003 0.008 

Locus 10 : 
18 alleles
1.0% missing data
 146   (0.184) 0.183 0.530 0.555 
 172   (0.048) 0.048 0.018 0.009 
 166   (0.076) 0.078 0.037 0.009 
 160   (0.098) 0.101 0.029 0.084 
 186   (0.045) 0.049 0.003 0.003 
 158   (0.035) 0.033 0.019 0.011 
 170   (0.076) 0.076 0.069 0.033 
 148   (0.063) 0.059 0.044 0.203 
 178   (0.035) 0.036 0.005 0.003 
 168   (0.062) 0.059 0.179 0.017 
 164   (0.035) 0.034 0.003 0.041 
 180   (0.034) 0.034 0.003 0.008 
 174   (0.057) 0.058 0.027 0.007 
 184   (0.036) 0.038 0.002 0.002 
 162   (0.034) 0.034 0.003 0.006 
 194   (0.025) 0.025 0.001 0.002 
 154   (0.028) 0.026 0.016 0.004 
 144   (0.030) 0.029 0.011 0.003 

Locus 11 : 
9 alleles
1.0% missing data
 158   (0.571) 0.566 0.907 0.946 
 160   (0.092) 0.092 0.056 0.018 
 154   (0.052) 0.052 0.008 0.007 
 170   (0.042) 0.042 0.003 0.003 
 152   (0.104) 0.112 0.010 0.010 
 162   (0.030) 0.030 0.002 0.002 
 166   (0.039) 0.040 0.002 0.003 
 144   (0.032) 0.030 0.003 0.006 
 156   (0.038) 0.036 0.010 0.005 

Locus 12 : 
12 alleles
10.3% missing data
 218   (0.198) 0.195 0.461 0.460 
 212   (0.077) 0.076 0.090 0.016 
 222   (0.083) 0.080 0.073 0.058 
 214   (0.114) 0.113 0.079 0.165 
 220   (0.174) 0.175 0.175 0.160 
 216   (0.074) 0.070 0.096 0.063 
 210   (0.050) 0.048 0.008 0.051 
 202   (0.075) 0.084 0.004 0.005 
 224   (0.049) 0.049 0.008 0.014 
 200   (0.037) 0.040 0.002 0.003 
 206   (0.041) 0.043 0.002 0.003 
 194   (0.027) 0.027 0.002 0.002 

Values of parameters used in structure:
DATAFILE=bws17_structure.txt,	OUTFILE=bws17_structurek3_3_results,	NUMINDS=97,	NUMLOCI=12,	MISSING=-9,	LABEL=1,	POPDATA=1,	POPFLAG=0,	PHENOTYPE=0,	EXTRACOLS=0,	MAXPOPS=3,	BURNIN=10000,	NUMREPS=20000,	USEPOPINFO=0,	INFERALPHA=1,	INFERLAMBDA=0,	POPSPECIFICLAMBDA=0,	POPALPHAS=0,	COMPUTEPROB=1,	NOADMIX=0,	ADMBURNIN=500,	UPDATEFREQ=100,	PRINTLIKES=0,	INTERMEDSAVE=0,	PRINTKLD=0,	PRINTNET=1,	PRINTLAMBDA=1,	ANCESTDIST=0,	NUMBOXES=1000,	ANCESTPINT=0.90000,	GENSBACK=2,	MIGRPRIOR=0.01000,	PRINTQHAT=0,	PRINTQSUM=1,	ALPHA=1.0000,	FREQSCORR=1,	FPRIORMEAN=0.0100,	FPRIORSD=0.0500,	ONEFST=0,	LAMBDA=1.0000,	UNIFPRIORALPHA=1,	ALPHAMAX=10.0000,	ALPHAPRIORA=1.0000,	ALPHAPRIORB=2.0000,	ALPHAPROPSD=0.0250,	STARTATPOPINFO=0,	RANDOMIZE=1,	LINKAGE=0,	METROFREQ=10,	REPORTHITRATE=0,	MARKOVPHASE=0,	PHASED=0,	PLOIDY=2,	PHASEINFO=0	LOCPRIOR=0, 	LOCPRIORINIT=1.000000, 	LOCDATA=0, 	LOCISPOP=1, 	LOCPRIORSTEP=0.100000, 	MAXLOCPRIOR=20.000000, 	SEED=1682096179,	
[STRAT parameters]:    NUMSIMSTATS=1000,	PHENOTYPECOL=-9,	POOLFREQ=10,	LOCUSxONLY=0,	EMERROR=0.00100,	MISSINGPHENO=-9,	