

----------------------------------------------------
STRUCTURE by Pritchard, Stephens and Donnelly (2000)
     and Falush, Stephens and Pritchard (2003)
       Code by Pritchard, Falush and Hubisz
             Version 2.3.4 (Jul 2012)
----------------------------------------------------



Command line arguments:   ./structure -m mainparams_bws17_k3 
Input File:    bws17_structure.txt

Run parameters:
   97 individuals
   12 loci
   3 populations assumed
   10000 Burn-in period
   20000 Reps


--------------------------------------------
Proportion of membership of each pre-defined
 population in each of the 3 clusters

Given    Inferred Clusters       Number of
 Pop       1      2      3      Individuals

  1:     0.221  0.437  0.341       15
  2:     0.273  0.404  0.323       21
  3:     0.258  0.351  0.391       22
  4:     0.322  0.344  0.334       10
  5:     0.243  0.446  0.311       12
  6:     0.201  0.227  0.572       17
--------------------------------------------

Allele-freq. divergence among pops (Net nucleotide distance),
computed using point estimates of P.

      1       2       3      
 1      -    0.0469  0.0577  
 2   0.0469     -    0.0447  
 3   0.0577  0.0447     -    

Average distances (expected heterozygosity) between individuals in same cluster:
cluster  1  : 0.8184 
cluster  2  : 0.6070 
cluster  3  : 0.5899 

--------------------------------------------
Estimated Ln Prob of Data   = -3574.0
Mean value of ln likelihood = -3336.5
Variance of ln likelihood   = 475.1
Mean value of alpha         = 0.4912

Mean value of Fst_1         = 0.0005
Mean value of Fst_2         = 0.2019
Mean value of Fst_3         = 0.2384


Inferred ancestry of individuals:
        Label (%Miss) Pop:  Inferred clusters
  1       12    (0)    1 :  0.246 0.291 0.463 
  2       45   (16)    2 :  0.134 0.347 0.519 
  3       68    (0)    3 :  0.651 0.151 0.198 
  4    0078F   (50)    6 :  0.224 0.263 0.513 
  5       89    (0)    4 :  0.299 0.417 0.284 
  6      110    (0)    4 :  0.110 0.117 0.773 
  7      124    (8)    2 :  0.655 0.091 0.254 
  8      148    (0)    4 :  0.178 0.158 0.664 
  9      192    (0)    4 :  0.502 0.320 0.178 
 10      224    (0)    3 :  0.316 0.393 0.291 
 11      304    (8)    3 :  0.063 0.829 0.107 
 12      307    (0)    3 :  0.747 0.154 0.099 
 13      315    (0)    5 :  0.101 0.361 0.538 
 14      335    (8)    2 :  0.526 0.344 0.129 
 15      336    (0)    5 :  0.277 0.544 0.179 
 16      385    (8)    3 :  0.150 0.381 0.469 
 17      397    (0)    5 :  0.092 0.624 0.284 
 18      398    (8)    3 :  0.255 0.245 0.500 
 19      434    (8)    2 :  0.913 0.041 0.046 
 20      445    (0)    2 :  0.156 0.685 0.160 
 21      453    (0)    1 :  0.124 0.558 0.318 
 22      456    (8)    1 :  0.107 0.597 0.295 
 23      496    (0)    1 :  0.205 0.179 0.616 
 24      564    (8)    3 :  0.264 0.611 0.125 
 25      583    (0)    3 :  0.214 0.313 0.473 
 26      655    (8)    5 :  0.143 0.742 0.116 
 27      830    (0)    3 :  0.133 0.146 0.721 
 28      879    (8)    1 :  0.164 0.694 0.141 
 29      886    (0)    3 :  0.154 0.421 0.425 
 30      897    (0)    4 :  0.777 0.142 0.081 
 31      917    (0)    4 :  0.072 0.537 0.390 
 32      933    (8)    3 :  0.281 0.172 0.547 
 33      941   (16)    3 :  0.072 0.275 0.653 
 34      966    (8)    3 :  0.256 0.563 0.181 
 35     1028    (0)    5 :  0.232 0.492 0.276 
 36     1067    (0)    4 :  0.107 0.769 0.124 
 37     1071    (0)    1 :  0.214 0.682 0.104 
 38     1112    (0)    3 :  0.165 0.322 0.513 
 39    1285B    (8)    6 :  0.130 0.188 0.682 
 40    1285D    (0)    6 :  0.111 0.138 0.751 
 41    1285E    (0)    6 :  0.574 0.087 0.339 
 42    1285F   (25)    6 :  0.218 0.347 0.435 
 43    1285G    (0)    6 :  0.127 0.217 0.657 
 44    1285I    (0)    6 :  0.173 0.257 0.570 
 45     1287   (41)    5 :  0.287 0.526 0.186 
 46     1312    (8)    5 :  0.935 0.032 0.033 
 47     1326   (16)    4 :  0.093 0.338 0.569 
 48     1343    (8)    3 :  0.267 0.373 0.360 
 49     1353    (0)    3 :  0.087 0.772 0.141 
 50     1357    (8)    2 :  0.348 0.506 0.145 
 51     1362    (0)    4 :  0.128 0.619 0.252 
 52     1391    (8)    2 :  0.723 0.091 0.187 
 53     1409    (0)    2 :  0.094 0.202 0.703 
 54     1424    (8)    1 :  0.282 0.583 0.136 
 55    1424C   (33)    1 :  0.102 0.104 0.794 
 56    1424E   (16)    1 :  0.072 0.738 0.190 
 57    1424F   (33)    1 :  0.230 0.676 0.094 
 58    1424G   (33)    1 :  0.164 0.676 0.159 
 59     1432    (0)    6 :  0.058 0.173 0.770 
 60     1442    (0)    2 :  0.215 0.538 0.247 
 61     1450   (25)    5 :  0.226 0.390 0.384 
 62     1476    (0)    2 :  0.130 0.740 0.129 
 63     1519    (0)    2 :  0.073 0.311 0.616 
 64     1568    (0)    3 :  0.370 0.261 0.368 
 65     1579   (25)    2 :  0.066 0.799 0.135 
 66     1614    (8)    2 :  0.168 0.466 0.366 
 67     1617   (16)    1 :  0.917 0.042 0.042 
 68     1621    (0)    2 :  0.139 0.327 0.535 
 69     1825    (8)    2 :  0.233 0.550 0.217 
 70     1829    (8)    1 :  0.123 0.193 0.684 
 71     1836    (0)    4 :  0.949 0.026 0.025 
 72     1868   (41)    3 :  0.820 0.109 0.071 
 73     1900    (0)    2 :  0.107 0.364 0.528 
 74     1923    (0)    2 :  0.245 0.537 0.218 
 75     1924    (8)    6 :  0.140 0.103 0.756 
 76     1938    (0)    2 :  0.290 0.457 0.253 
 77     1945    (0)    5 :  0.160 0.205 0.635 
 78     2016   (16)    1 :  0.089 0.370 0.541 
 79     2066   (16)    5 :  0.160 0.567 0.273 
 80     3027    (8)    2 :  0.207 0.385 0.408 
 81     3051    (0)    3 :  0.040 0.059 0.901 
 82     3056    (0)    2 :  0.259 0.217 0.524 
 83     3079    (0)    5 :  0.218 0.573 0.209 
 84     3093   (16)    3 :  0.080 0.310 0.610 
 85    3129B   (41)    6 :  0.530 0.148 0.322 
 86    3129C   (41)    6 :  0.079 0.765 0.156 
 87    3129H   (25)    6 :  0.232 0.168 0.600 
 88    3129L   (41)    6 :  0.303 0.115 0.582 
 89    3129N   (41)    6 :  0.191 0.178 0.632 
 90    3129O   (25)    6 :  0.102 0.216 0.681 
 91    3129P    (8)    6 :  0.080 0.147 0.773 
 92     3141    (0)    3 :  0.102 0.280 0.618 
 93     3144    (0)    2 :  0.054 0.488 0.457 
 94     3167    (0)    1 :  0.277 0.179 0.544 
 95     3174    (8)    5 :  0.084 0.300 0.616 
 96     3177    (0)    6 :  0.138 0.354 0.509 
 97     3271    (8)    3 :  0.185 0.590 0.224 


Estimated Allele Frequencies in each cluster
First column gives estimated ancestral frequencies


Locus 1 : 
6 alleles
0.0% missing data
 148   (0.490) 0.489 0.830 0.793 
 146   (0.155) 0.154 0.068 0.106 
 147   (0.149) 0.148 0.090 0.092 
 160   (0.152) 0.154 0.009 0.007 
 172   (0.027) 0.026 0.002 0.001 
 158   (0.028) 0.028 0.002 0.001 

Locus 2 : 
18 alleles
1.0% missing data
 199   (0.088) 0.089 0.049 0.040 
 201   (0.090) 0.090 0.144 0.384 
 197   (0.135) 0.134 0.414 0.412 
 205   (0.112) 0.112 0.069 0.057 
 211   (0.083) 0.083 0.071 0.033 
 225   (0.031) 0.031 0.004 0.003 
 207   (0.031) 0.031 0.007 0.003 
 217   (0.033) 0.033 0.008 0.002 
 193   (0.041) 0.041 0.027 0.021 
 203   (0.055) 0.055 0.049 0.010 
 191   (0.051) 0.051 0.123 0.013 
 255   (0.065) 0.066 0.004 0.003 
 195   (0.033) 0.033 0.003 0.002 
 223   (0.022) 0.022 0.004 0.002 
 241   (0.045) 0.045 0.005 0.003 
 237   (0.023) 0.023 0.001 0.001 
 213   (0.041) 0.040 0.015 0.010 
 215   (0.022) 0.022 0.002 0.002 

Locus 3 : 
10 alleles
9.3% missing data
 201   (0.210) 0.210 0.360 0.325 
 210   (0.141) 0.141 0.194 0.068 
 204   (0.216) 0.216 0.217 0.137 
 207   (0.245) 0.245 0.208 0.460 
 214   (0.028) 0.028 0.002 0.001 
 192   (0.051) 0.051 0.003 0.002 
 198   (0.026) 0.025 0.006 0.002 
 189   (0.030) 0.030 0.002 0.001 
 219   (0.028) 0.028 0.006 0.002 
 183   (0.026) 0.026 0.002 0.001 

Locus 4 : 
14 alleles
3.1% missing data
 140   (0.086) 0.085 0.089 0.352 
 142   (0.119) 0.119 0.317 0.091 
 138   (0.149) 0.150 0.075 0.080 
 152   (0.035) 0.035 0.012 0.014 
 146   (0.041) 0.041 0.013 0.009 
 132   (0.090) 0.090 0.029 0.282 
 134   (0.105) 0.106 0.077 0.022 
 130   (0.085) 0.085 0.131 0.047 
 136   (0.100) 0.100 0.167 0.041 
 128   (0.043) 0.042 0.030 0.005 
 150   (0.021) 0.021 0.002 0.001 
 144   (0.070) 0.069 0.054 0.051 
 148   (0.033) 0.033 0.002 0.003 
 160   (0.023) 0.023 0.002 0.002 

Locus 5 : 
9 alleles
7.2% missing data
 257   (0.211) 0.210 0.378 0.258 
 259   (0.306) 0.305 0.501 0.629 
 271   (0.096) 0.096 0.015 0.072 
 273   (0.139) 0.140 0.015 0.011 
 255   (0.064) 0.065 0.013 0.004 
 261   (0.078) 0.078 0.062 0.017 
 269   (0.039) 0.038 0.011 0.005 
 243   (0.040) 0.040 0.003 0.003 
 265   (0.028) 0.027 0.002 0.001 

Locus 6 : 
11 alleles
26.8% missing data
 155   (0.280) 0.280 0.435 0.660 
 170   (0.113) 0.113 0.070 0.045 
 173   (0.058) 0.058 0.011 0.034 
 164   (0.075) 0.075 0.015 0.131 
 158   (0.168) 0.168 0.388 0.051 
 149   (0.056) 0.057 0.009 0.005 
 188   (0.067) 0.067 0.044 0.043 
 161   (0.061) 0.062 0.005 0.004 
 152   (0.030) 0.030 0.002 0.002 
 143   (0.052) 0.052 0.008 0.018 
 200   (0.039) 0.039 0.014 0.007 

Locus 7 : 
18 alleles
5.2% missing data
 145   (0.053) 0.052 0.194 0.016 
 157   (0.050) 0.050 0.008 0.012 
 137   (0.057) 0.057 0.038 0.088 
 159   (0.089) 0.089 0.042 0.085 
 149   (0.117) 0.118 0.097 0.087 
 151   (0.095) 0.095 0.074 0.225 
 139   (0.055) 0.055 0.017 0.012 
 147   (0.092) 0.092 0.128 0.277 
 153   (0.061) 0.061 0.011 0.138 
 141   (0.055) 0.055 0.253 0.009 
 161   (0.058) 0.058 0.070 0.022 
 143   (0.028) 0.028 0.016 0.002 
 165   (0.055) 0.055 0.036 0.017 
 181   (0.024) 0.023 0.006 0.003 
 135   (0.023) 0.023 0.001 0.002 
 155   (0.042) 0.042 0.003 0.002 
 177   (0.023) 0.023 0.005 0.002 
 132   (0.023) 0.023 0.002 0.002 

Locus 8 : 
6 alleles
28.9% missing data
 132   (0.134) 0.134 0.072 0.203 
 138   (0.669) 0.670 0.864 0.763 
 135   (0.035) 0.035 0.008 0.003 
 141   (0.055) 0.055 0.017 0.019 
 144   (0.054) 0.053 0.035 0.009 
 129   (0.052) 0.053 0.004 0.003 

Locus 9 : 
14 alleles
14.4% missing data
 266   (0.054) 0.054 0.009 0.023 
 288   (0.054) 0.054 0.015 0.009 
 282   (0.132) 0.133 0.073 0.344 
 286   (0.111) 0.111 0.063 0.232 
 278   (0.144) 0.144 0.227 0.135 
 280   (0.149) 0.150 0.301 0.044 
 274   (0.074) 0.074 0.086 0.010 
 276   (0.045) 0.045 0.011 0.085 
 292   (0.026) 0.026 0.002 0.002 
 270   (0.050) 0.049 0.022 0.072 
 272   (0.036) 0.035 0.086 0.003 
 284   (0.063) 0.063 0.095 0.035 
 300   (0.037) 0.038 0.003 0.002 
 290   (0.024) 0.024 0.006 0.002 

Locus 10 : 
18 alleles
1.0% missing data
 146   (0.180) 0.180 0.570 0.535 
 172   (0.051) 0.051 0.008 0.016 
 166   (0.079) 0.079 0.009 0.035 
 160   (0.096) 0.097 0.088 0.024 
 186   (0.047) 0.047 0.003 0.003 
 158   (0.035) 0.035 0.009 0.018 
 170   (0.076) 0.076 0.027 0.076 
 148   (0.059) 0.059 0.211 0.033 
 178   (0.036) 0.036 0.003 0.005 
 168   (0.058) 0.058 0.013 0.191 
 164   (0.042) 0.042 0.030 0.004 
 180   (0.035) 0.035 0.006 0.003 
 174   (0.055) 0.056 0.008 0.027 
 184   (0.037) 0.037 0.002 0.002 
 162   (0.032) 0.032 0.005 0.003 
 194   (0.023) 0.023 0.001 0.001 
 154   (0.028) 0.027 0.004 0.015 
 144   (0.031) 0.031 0.003 0.010 

Locus 11 : 
9 alleles
1.0% missing data
 158   (0.575) 0.575 0.949 0.910 
 160   (0.090) 0.090 0.018 0.058 
 154   (0.050) 0.051 0.007 0.006 
 170   (0.042) 0.042 0.003 0.003 
 152   (0.108) 0.109 0.010 0.009 
 162   (0.027) 0.027 0.002 0.001 
 166   (0.043) 0.043 0.002 0.002 
 144   (0.029) 0.029 0.004 0.002 
 156   (0.036) 0.036 0.005 0.009 

Locus 12 : 
12 alleles
10.3% missing data
 218   (0.205) 0.205 0.450 0.478 
 212   (0.076) 0.076 0.012 0.094 
 222   (0.076) 0.076 0.066 0.064 
 214   (0.118) 0.118 0.168 0.075 
 220   (0.180) 0.180 0.160 0.174 
 216   (0.072) 0.072 0.070 0.092 
 210   (0.044) 0.044 0.049 0.007 
 202   (0.076) 0.077 0.005 0.004 
 224   (0.047) 0.047 0.013 0.007 
 200   (0.038) 0.038 0.002 0.002 
 206   (0.040) 0.040 0.002 0.002 
 194   (0.027) 0.027 0.002 0.001 

Values of parameters used in structure:
DATAFILE=bws17_structure.txt,	OUTFILE=bws17_structurek3_results,	NUMINDS=97,	NUMLOCI=12,	MISSING=-9,	LABEL=1,	POPDATA=1,	POPFLAG=0,	PHENOTYPE=0,	EXTRACOLS=0,	MAXPOPS=3,	BURNIN=10000,	NUMREPS=20000,	USEPOPINFO=0,	INFERALPHA=1,	INFERLAMBDA=0,	POPSPECIFICLAMBDA=0,	POPALPHAS=0,	COMPUTEPROB=1,	NOADMIX=0,	ADMBURNIN=500,	UPDATEFREQ=100,	PRINTLIKES=0,	INTERMEDSAVE=0,	PRINTKLD=0,	PRINTNET=1,	PRINTLAMBDA=1,	ANCESTDIST=0,	NUMBOXES=1000,	ANCESTPINT=0.90000,	GENSBACK=2,	MIGRPRIOR=0.01000,	PRINTQHAT=0,	PRINTQSUM=1,	ALPHA=1.0000,	FREQSCORR=1,	FPRIORMEAN=0.0100,	FPRIORSD=0.0500,	ONEFST=0,	LAMBDA=1.0000,	UNIFPRIORALPHA=1,	ALPHAMAX=10.0000,	ALPHAPRIORA=1.0000,	ALPHAPRIORB=2.0000,	ALPHAPROPSD=0.0250,	STARTATPOPINFO=0,	RANDOMIZE=1,	LINKAGE=0,	METROFREQ=10,	REPORTHITRATE=0,	MARKOVPHASE=0,	PHASED=0,	PLOIDY=2,	PHASEINFO=0	LOCPRIOR=0, 	LOCPRIORINIT=1.000000, 	LOCDATA=0, 	LOCISPOP=1, 	LOCPRIORSTEP=0.100000, 	MAXLOCPRIOR=20.000000, 	SEED=1680097499,	
[STRAT parameters]:    NUMSIMSTATS=1000,	PHENOTYPECOL=-9,	POOLFREQ=10,	LOCUSxONLY=0,	EMERROR=0.00100,	MISSINGPHENO=-9,	