

----------------------------------------------------
STRUCTURE by Pritchard, Stephens and Donnelly (2000)
     and Falush, Stephens and Pritchard (2003)
       Code by Pritchard, Falush and Hubisz
             Version 2.3.4 (Jul 2012)
----------------------------------------------------



Command line arguments:   ./structure -m mainparams_bws17_k3_2 
Input File:    bws17_structure.txt

Run parameters:
   97 individuals
   12 loci
   3 populations assumed
   10000 Burn-in period
   20000 Reps


--------------------------------------------
Proportion of membership of each pre-defined
 population in each of the 3 clusters

Given    Inferred Clusters       Number of
 Pop       1      2      3      Individuals

  1:     0.360  0.434  0.206       15
  2:     0.355  0.380  0.266       21
  3:     0.423  0.335  0.242       22
  4:     0.355  0.325  0.320       10
  5:     0.332  0.432  0.235       12
  6:     0.573  0.233  0.194       17
--------------------------------------------

Allele-freq. divergence among pops (Net nucleotide distance),
computed using point estimates of P.

      1       2       3      
 1      -    0.0429  0.0567  
 2   0.0429     -    0.0457  
 3   0.0567  0.0457     -    

Average distances (expected heterozygosity) between individuals in same cluster:
cluster  1  : 0.5926 
cluster  2  : 0.6141 
cluster  3  : 0.8207 

--------------------------------------------
Estimated Ln Prob of Data   = -3563.9
Mean value of ln likelihood = -3330.6
Variance of ln likelihood   = 466.6
Mean value of alpha         = 0.4329

Mean value of Fst_1         = 0.2230
Mean value of Fst_2         = 0.1990
Mean value of Fst_3         = 0.0014


Inferred ancestry of individuals:
        Label (%Miss) Pop:  Inferred clusters
  1       12    (0)    1 :  0.526 0.234 0.239 
  2       45   (16)    2 :  0.573 0.309 0.118 
  3       68    (0)    3 :  0.183 0.135 0.682 
  4    0078F   (50)    6 :  0.549 0.241 0.210 
  5       89    (0)    4 :  0.344 0.328 0.328 
  6      110    (0)    4 :  0.829 0.086 0.085 
  7      124    (8)    2 :  0.246 0.099 0.655 
  8      148    (0)    4 :  0.665 0.178 0.156 
  9      192    (0)    4 :  0.183 0.341 0.475 
 10      224    (0)    3 :  0.272 0.419 0.308 
 11      304    (8)    3 :  0.114 0.829 0.057 
 12      307    (0)    3 :  0.095 0.150 0.756 
 13      315    (0)    5 :  0.557 0.355 0.087 
 14      335    (8)    2 :  0.138 0.309 0.553 
 15      336    (0)    5 :  0.195 0.523 0.282 
 16      385    (8)    3 :  0.515 0.355 0.130 
 17      397    (0)    5 :  0.332 0.580 0.088 
 18      398    (8)    3 :  0.571 0.207 0.221 
 19      434    (8)    2 :  0.043 0.035 0.921 
 20      445    (0)    2 :  0.164 0.696 0.139 
 21      453    (0)    1 :  0.356 0.527 0.117 
 22      456    (8)    1 :  0.382 0.508 0.110 
 23      496    (0)    1 :  0.675 0.131 0.194 
 24      564    (8)    3 :  0.077 0.753 0.170 
 25      583    (0)    3 :  0.533 0.299 0.168 
 26      655    (8)    5 :  0.115 0.738 0.146 
 27      830    (0)    3 :  0.784 0.097 0.118 
 28      879    (8)    1 :  0.166 0.635 0.199 
 29      886    (0)    3 :  0.514 0.345 0.141 
 30      897    (0)    4 :  0.070 0.137 0.793 
 31      917    (0)    4 :  0.463 0.465 0.073 
 32      933    (8)    3 :  0.622 0.121 0.256 
 33      941   (16)    3 :  0.639 0.299 0.062 
 34      966    (8)    3 :  0.200 0.565 0.235 
 35     1028    (0)    5 :  0.371 0.406 0.223 
 36     1067    (0)    4 :  0.140 0.738 0.122 
 37     1071    (0)    1 :  0.097 0.721 0.182 
 38     1112    (0)    3 :  0.611 0.250 0.139 
 39    1285B    (8)    6 :  0.728 0.157 0.115 
 40    1285D    (0)    6 :  0.795 0.109 0.096 
 41    1285E    (0)    6 :  0.344 0.092 0.565 
 42    1285F   (25)    6 :  0.345 0.482 0.173 
 43    1285G    (0)    6 :  0.595 0.299 0.106 
 44    1285I    (0)    6 :  0.611 0.225 0.163 
 45     1287   (41)    5 :  0.228 0.482 0.290 
 46     1312    (8)    5 :  0.028 0.030 0.942 
 47     1326   (16)    4 :  0.564 0.354 0.083 
 48     1343    (8)    3 :  0.386 0.362 0.253 
 49     1353    (0)    3 :  0.141 0.787 0.072 
 50     1357    (8)    2 :  0.139 0.537 0.324 
 51     1362    (0)    4 :  0.274 0.596 0.131 
 52     1391    (8)    2 :  0.189 0.076 0.735 
 53     1409    (0)    2 :  0.748 0.164 0.089 
 54     1424    (8)    1 :  0.107 0.662 0.232 
 55    1424C   (33)    1 :  0.809 0.100 0.092 
 56    1424E   (16)    1 :  0.148 0.790 0.062 
 57    1424F   (33)    1 :  0.073 0.752 0.175 
 58    1424G   (33)    1 :  0.109 0.775 0.116 
 59     1432    (0)    6 :  0.790 0.161 0.049 
 60     1442    (0)    2 :  0.291 0.475 0.234 
 61     1450   (25)    5 :  0.335 0.467 0.198 
 62     1476    (0)    2 :  0.119 0.768 0.113 
 63     1519    (0)    2 :  0.707 0.229 0.064 
 64     1568    (0)    3 :  0.415 0.232 0.353 
 65     1579   (25)    2 :  0.163 0.771 0.066 
 66     1614    (8)    2 :  0.453 0.376 0.171 
 67     1617   (16)    1 :  0.038 0.034 0.928 
 68     1621    (0)    2 :  0.631 0.239 0.130 
 69     1825    (8)    2 :  0.265 0.506 0.229 
 70     1829    (8)    1 :  0.725 0.173 0.102 
 71     1836    (0)    4 :  0.022 0.023 0.955 
 72     1868   (41)    3 :  0.068 0.087 0.845 
 73     1900    (0)    2 :  0.597 0.304 0.099 
 74     1923    (0)    2 :  0.216 0.582 0.202 
 75     1924    (8)    6 :  0.724 0.143 0.133 
 76     1938    (0)    2 :  0.295 0.429 0.276 
 77     1945    (0)    5 :  0.699 0.160 0.141 
 78     2016   (16)    1 :  0.619 0.294 0.087 
 79     2066   (16)    5 :  0.277 0.583 0.140 
 80     3027    (8)    2 :  0.454 0.367 0.179 
 81     3051    (0)    3 :  0.907 0.058 0.035 
 82     3056    (0)    2 :  0.525 0.241 0.234 
 83     3079    (0)    5 :  0.214 0.567 0.219 
 84     3093   (16)    3 :  0.709 0.221 0.070 
 85    3129B   (41)    6 :  0.295 0.126 0.579 
 86    3129C   (41)    6 :  0.162 0.764 0.074 
 87    3129H   (25)    6 :  0.555 0.182 0.263 
 88    3129L   (41)    6 :  0.548 0.126 0.327 
 89    3129N   (41)    6 :  0.606 0.218 0.176 
 90    3129O   (25)    6 :  0.722 0.184 0.094 
 91    3129P    (8)    6 :  0.786 0.149 0.064 
 92     3141    (0)    3 :  0.705 0.198 0.097 
 93     3144    (0)    2 :  0.493 0.458 0.049 
 94     3167    (0)    1 :  0.577 0.171 0.252 
 95     3174    (8)    5 :  0.637 0.294 0.069 
 96     3177    (0)    6 :  0.583 0.310 0.107 
 97     3271    (8)    3 :  0.237 0.600 0.163 


Estimated Allele Frequencies in each cluster
First column gives estimated ancestral frequencies


Locus 1 : 
6 alleles
0.0% missing data
 148   (0.497) 0.822 0.785 0.495 
 146   (0.161) 0.090 0.086 0.161 
 147   (0.135) 0.078 0.115 0.134 
 160   (0.154) 0.007 0.010 0.158 
 172   (0.025) 0.001 0.002 0.025 
 158   (0.027) 0.001 0.002 0.027 

Locus 2 : 
18 alleles
1.0% missing data
 199   (0.085) 0.037 0.059 0.086 
 201   (0.102) 0.392 0.115 0.101 
 197   (0.150) 0.406 0.399 0.149 
 205   (0.107) 0.064 0.065 0.108 
 211   (0.074) 0.026 0.086 0.074 
 225   (0.033) 0.003 0.005 0.033 
 207   (0.031) 0.003 0.007 0.031 
 217   (0.034) 0.002 0.009 0.034 
 193   (0.038) 0.025 0.027 0.038 
 203   (0.049) 0.009 0.054 0.048 
 191   (0.046) 0.011 0.134 0.045 
 255   (0.068) 0.003 0.005 0.070 
 195   (0.032) 0.002 0.003 0.033 
 223   (0.022) 0.002 0.005 0.022 
 241   (0.045) 0.003 0.006 0.046 
 237   (0.022) 0.001 0.001 0.022 
 213   (0.038) 0.009 0.019 0.037 
 215   (0.024) 0.002 0.003 0.023 

Locus 3 : 
10 alleles
9.3% missing data
 201   (0.224) 0.352 0.326 0.223 
 210   (0.156) 0.084 0.175 0.155 
 204   (0.193) 0.127 0.245 0.194 
 207   (0.234) 0.426 0.229 0.235 
 214   (0.026) 0.001 0.002 0.026 
 192   (0.053) 0.003 0.004 0.054 
 198   (0.030) 0.002 0.008 0.029 
 189   (0.028) 0.001 0.002 0.028 
 219   (0.027) 0.002 0.008 0.027 
 183   (0.029) 0.001 0.002 0.029 

Locus 4 : 
14 alleles
3.1% missing data
 140   (0.089) 0.334 0.088 0.088 
 142   (0.123) 0.112 0.300 0.123 
 138   (0.149) 0.081 0.076 0.150 
 152   (0.037) 0.015 0.011 0.036 
 146   (0.037) 0.011 0.011 0.037 
 132   (0.093) 0.262 0.034 0.093 
 134   (0.108) 0.023 0.081 0.110 
 130   (0.072) 0.033 0.163 0.072 
 136   (0.099) 0.056 0.154 0.099 
 128   (0.045) 0.006 0.032 0.044 
 150   (0.024) 0.001 0.002 0.024 
 144   (0.064) 0.062 0.043 0.063 
 148   (0.037) 0.003 0.003 0.038 
 160   (0.023) 0.002 0.002 0.023 

Locus 5 : 
9 alleles
7.2% missing data
 257   (0.206) 0.313 0.322 0.204 
 259   (0.305) 0.571 0.555 0.303 
 271   (0.098) 0.072 0.014 0.098 
 273   (0.135) 0.011 0.017 0.139 
 255   (0.066) 0.004 0.015 0.066 
 261   (0.084) 0.020 0.060 0.083 
 269   (0.038) 0.005 0.012 0.038 
 243   (0.042) 0.003 0.003 0.043 
 265   (0.027) 0.001 0.002 0.027 

Locus 6 : 
11 alleles
26.8% missing data
 155   (0.271) 0.679 0.394 0.271 
 170   (0.117) 0.045 0.071 0.117 
 173   (0.063) 0.034 0.011 0.062 
 164   (0.077) 0.126 0.015 0.077 
 158   (0.162) 0.056 0.401 0.162 
 149   (0.059) 0.005 0.009 0.060 
 188   (0.060) 0.027 0.069 0.059 
 161   (0.057) 0.004 0.005 0.058 
 152   (0.032) 0.002 0.003 0.032 
 143   (0.062) 0.016 0.009 0.062 
 200   (0.040) 0.008 0.014 0.040 

Locus 7 : 
18 alleles
5.2% missing data
 145   (0.051) 0.016 0.204 0.050 
 157   (0.053) 0.013 0.007 0.054 
 137   (0.051) 0.097 0.030 0.050 
 159   (0.090) 0.073 0.051 0.091 
 149   (0.122) 0.086 0.098 0.123 
 151   (0.088) 0.217 0.074 0.088 
 139   (0.059) 0.013 0.015 0.060 
 147   (0.083) 0.283 0.111 0.083 
 153   (0.054) 0.134 0.009 0.054 
 141   (0.058) 0.009 0.266 0.058 
 161   (0.073) 0.026 0.065 0.072 
 143   (0.031) 0.003 0.016 0.030 
 165   (0.053) 0.018 0.036 0.053 
 181   (0.024) 0.003 0.007 0.023 
 135   (0.020) 0.002 0.002 0.020 
 155   (0.043) 0.002 0.003 0.045 
 177   (0.022) 0.002 0.005 0.022 
 132   (0.023) 0.002 0.002 0.023 

Locus 8 : 
6 alleles
28.9% missing data
 132   (0.145) 0.192 0.078 0.144 
 138   (0.658) 0.773 0.856 0.660 
 135   (0.033) 0.003 0.008 0.033 
 141   (0.053) 0.018 0.018 0.052 
 144   (0.058) 0.011 0.035 0.057 
 129   (0.053) 0.003 0.005 0.053 

Locus 9 : 
14 alleles
14.4% missing data
 266   (0.049) 0.025 0.009 0.048 
 288   (0.056) 0.010 0.015 0.057 
 282   (0.132) 0.330 0.067 0.133 
 286   (0.108) 0.231 0.057 0.109 
 278   (0.133) 0.126 0.249 0.133 
 280   (0.164) 0.056 0.298 0.166 
 274   (0.081) 0.014 0.079 0.082 
 276   (0.037) 0.086 0.008 0.036 
 292   (0.027) 0.002 0.002 0.027 
 270   (0.048) 0.071 0.022 0.046 
 272   (0.039) 0.004 0.090 0.038 
 284   (0.064) 0.040 0.095 0.063 
 300   (0.038) 0.002 0.003 0.038 
 290   (0.025) 0.003 0.008 0.025 

Locus 10 : 
18 alleles
1.0% missing data
 146   (0.185) 0.536 0.559 0.185 
 172   (0.049) 0.019 0.008 0.049 
 166   (0.071) 0.036 0.008 0.072 
 160   (0.105) 0.028 0.082 0.106 
 186   (0.047) 0.003 0.003 0.048 
 158   (0.038) 0.018 0.011 0.037 
 170   (0.071) 0.073 0.032 0.071 
 148   (0.061) 0.045 0.205 0.060 
 178   (0.035) 0.005 0.003 0.035 
 168   (0.058) 0.176 0.018 0.057 
 164   (0.039) 0.003 0.039 0.038 
 180   (0.033) 0.003 0.007 0.033 
 174   (0.057) 0.026 0.007 0.058 
 184   (0.035) 0.002 0.002 0.035 
 162   (0.033) 0.003 0.005 0.033 
 194   (0.022) 0.001 0.001 0.022 
 154   (0.028) 0.016 0.004 0.027 
 144   (0.034) 0.009 0.004 0.034 

Locus 11 : 
9 alleles
1.0% missing data
 158   (0.564) 0.907 0.952 0.563 
 160   (0.094) 0.059 0.014 0.094 
 154   (0.055) 0.008 0.007 0.055 
 170   (0.040) 0.003 0.003 0.040 
 152   (0.110) 0.009 0.010 0.112 
 162   (0.029) 0.001 0.002 0.029 
 166   (0.041) 0.002 0.002 0.041 
 144   (0.028) 0.002 0.004 0.028 
 156   (0.040) 0.009 0.006 0.039 

Locus 12 : 
12 alleles
10.3% missing data
 218   (0.191) 0.454 0.473 0.190 
 212   (0.076) 0.086 0.018 0.076 
 222   (0.074) 0.072 0.059 0.073 
 214   (0.124) 0.094 0.150 0.124 
 220   (0.174) 0.169 0.165 0.175 
 216   (0.070) 0.097 0.063 0.069 
 210   (0.052) 0.009 0.048 0.052 
 202   (0.079) 0.004 0.005 0.082 
 224   (0.050) 0.009 0.011 0.050 
 200   (0.040) 0.002 0.003 0.040 
 206   (0.039) 0.002 0.003 0.040 
 194   (0.030) 0.002 0.002 0.030 

Values of parameters used in structure:
DATAFILE=bws17_structure.txt,	OUTFILE=bws17_structurek3_2_results,	NUMINDS=97,	NUMLOCI=12,	MISSING=-9,	LABEL=1,	POPDATA=1,	POPFLAG=0,	PHENOTYPE=0,	EXTRACOLS=0,	MAXPOPS=3,	BURNIN=10000,	NUMREPS=20000,	USEPOPINFO=0,	INFERALPHA=1,	INFERLAMBDA=0,	POPSPECIFICLAMBDA=0,	POPALPHAS=0,	COMPUTEPROB=1,	NOADMIX=0,	ADMBURNIN=500,	UPDATEFREQ=100,	PRINTLIKES=0,	INTERMEDSAVE=0,	PRINTKLD=0,	PRINTNET=1,	PRINTLAMBDA=1,	ANCESTDIST=0,	NUMBOXES=1000,	ANCESTPINT=0.90000,	GENSBACK=2,	MIGRPRIOR=0.01000,	PRINTQHAT=0,	PRINTQSUM=1,	ALPHA=1.0000,	FREQSCORR=1,	FPRIORMEAN=0.0100,	FPRIORSD=0.0500,	ONEFST=0,	LAMBDA=1.0000,	UNIFPRIORALPHA=1,	ALPHAMAX=10.0000,	ALPHAPRIORA=1.0000,	ALPHAPRIORB=2.0000,	ALPHAPROPSD=0.0250,	STARTATPOPINFO=0,	RANDOMIZE=1,	LINKAGE=0,	METROFREQ=10,	REPORTHITRATE=0,	MARKOVPHASE=0,	PHASED=0,	PLOIDY=2,	PHASEINFO=0	LOCPRIOR=0, 	LOCPRIORINIT=1.000000, 	LOCDATA=0, 	LOCISPOP=1, 	LOCPRIORSTEP=0.100000, 	MAXLOCPRIOR=20.000000, 	SEED=1682096174,	
[STRAT parameters]:    NUMSIMSTATS=1000,	PHENOTYPECOL=-9,	POOLFREQ=10,	LOCUSxONLY=0,	EMERROR=0.00100,	MISSINGPHENO=-9,	