

----------------------------------------------------
STRUCTURE by Pritchard, Stephens and Donnelly (2000)
     and Falush, Stephens and Pritchard (2003)
       Code by Pritchard, Falush and Hubisz
             Version 2.3.4 (Jul 2012)
----------------------------------------------------



Command line arguments:   ./structure -m mainparams_bws17_k5 
Input File:    bws17_structure.txt

Run parameters:
   97 individuals
   12 loci
   5 populations assumed
   10000 Burn-in period
   20000 Reps


--------------------------------------------
Proportion of membership of each pre-defined
 population in each of the 5 clusters

Given    Inferred Clusters                     Number of
 Pop       1      2      3      4      5      Individuals

  1:     0.342  0.071  0.105  0.213  0.270       15
  2:     0.255  0.051  0.232  0.207  0.255       21
  3:     0.231  0.010  0.227  0.240  0.292       22
  4:     0.250  0.103  0.241  0.160  0.246       10
  5:     0.301  0.100  0.147  0.221  0.231       12
  6:     0.124  0.005  0.152  0.363  0.356       17
--------------------------------------------

Allele-freq. divergence among pops (Net nucleotide distance),
computed using point estimates of P.

      1       2       3       4       5      
 1      -    0.1628  0.0137  0.0154  0.0151  
 2   0.1628     -    0.1160  0.1573  0.1569  
 3   0.0137  0.1160     -    0.0099  0.0093  
 4   0.0154  0.1573  0.0099     -    0.0021  
 5   0.0151  0.1569  0.0093  0.0021     -    

Average distances (expected heterozygosity) between individuals in same cluster:
cluster  1  : 0.6422 
cluster  2  : 0.7374 
cluster  3  : 0.7473 
cluster  4  : 0.6547 
cluster  5  : 0.6526 

--------------------------------------------
Estimated Ln Prob of Data   = -3385.4
Mean value of ln likelihood = -3160.7
Variance of ln likelihood   = 449.3
Mean value of alpha         = 0.0429

Mean value of Fst_1         = 0.0930
Mean value of Fst_2         = 0.2509
Mean value of Fst_3         = 0.0023
Mean value of Fst_4         = 0.1034
Mean value of Fst_5         = 0.0878


Inferred ancestry of individuals:
        Label (%Miss) Pop:  Inferred clusters
  1       12    (0)    1 :  0.111 0.004 0.225 0.272 0.388 
  2       45   (16)    2 :  0.112 0.007 0.088 0.410 0.383 
  3       68    (0)    3 :  0.019 0.012 0.518 0.237 0.214 
  4    0078F   (50)    6 :  0.215 0.006 0.144 0.349 0.286 
  5       89    (0)    4 :  0.193 0.004 0.381 0.107 0.315 
  6      110    (0)    4 :  0.012 0.004 0.032 0.290 0.663 
  7      124    (8)    2 :  0.022 0.020 0.782 0.115 0.061 
  8      148    (0)    4 :  0.040 0.006 0.142 0.475 0.337 
  9      192    (0)    4 :  0.108 0.007 0.652 0.155 0.078 
 10      224    (0)    3 :  0.137 0.013 0.171 0.414 0.265 
 11      304    (8)    3 :  0.928 0.003 0.020 0.026 0.022 
 12      307    (0)    3 :  0.053 0.023 0.905 0.010 0.009 
 13      315    (0)    5 :  0.125 0.004 0.058 0.388 0.426 
 14      335    (8)    2 :  0.186 0.005 0.681 0.055 0.073 
 15      336    (0)    5 :  0.680 0.003 0.229 0.042 0.046 
 16      385    (8)    3 :  0.252 0.004 0.145 0.275 0.324 
 17      397    (0)    5 :  0.354 0.005 0.057 0.240 0.345 
 18      398    (8)    3 :  0.036 0.005 0.264 0.239 0.456 
 19      434    (8)    2 :  0.006 0.959 0.009 0.011 0.015 
 20      445    (0)    2 :  0.453 0.006 0.135 0.173 0.234 
 21      453    (0)    1 :  0.381 0.004 0.071 0.199 0.345 
 22      456    (8)    1 :  0.259 0.010 0.066 0.260 0.405 
 23      496    (0)    1 :  0.027 0.027 0.146 0.289 0.512 
 24      564    (8)    3 :  0.653 0.005 0.089 0.233 0.021 
 25      583    (0)    3 :  0.145 0.004 0.180 0.232 0.438 
 26      655    (8)    5 :  0.627 0.006 0.137 0.141 0.090 
 27      830    (0)    3 :  0.016 0.003 0.064 0.264 0.652 
 28      879    (8)    1 :  0.451 0.006 0.157 0.133 0.252 
 29      886    (0)    3 :  0.180 0.005 0.117 0.203 0.495 
 30      897    (0)    4 :  0.037 0.006 0.926 0.013 0.018 
 31      917    (0)    4 :  0.284 0.003 0.058 0.185 0.470 
 32      933    (8)    3 :  0.056 0.034 0.305 0.312 0.293 
 33      941   (16)    3 :  0.106 0.003 0.024 0.446 0.420 
 34      966    (8)    3 :  0.411 0.004 0.258 0.146 0.182 
 35     1028    (0)    5 :  0.252 0.004 0.347 0.139 0.258 
 36     1067    (0)    4 :  0.887 0.003 0.052 0.018 0.040 
 37     1071    (0)    1 :  0.865 0.003 0.100 0.016 0.015 
 38     1112    (0)    3 :  0.039 0.006 0.118 0.215 0.622 
 39    1285B    (8)    6 :  0.028 0.007 0.070 0.373 0.522 
 40    1285D    (0)    6 :  0.015 0.003 0.035 0.373 0.574 
 41    1285E    (0)    6 :  0.019 0.005 0.654 0.086 0.236 
 42    1285F   (25)    6 :  0.372 0.004 0.060 0.390 0.174 
 43    1285G    (0)    6 :  0.122 0.004 0.032 0.539 0.302 
 44    1285I    (0)    6 :  0.045 0.005 0.117 0.273 0.560 
 45     1287   (41)    5 :  0.377 0.170 0.160 0.147 0.146 
 46     1312    (8)    5 :  0.004 0.969 0.015 0.006 0.005 
 47     1326   (16)    4 :  0.121 0.006 0.075 0.305 0.493 
 48     1343    (8)    3 :  0.114 0.006 0.177 0.433 0.270 
 49     1353    (0)    3 :  0.893 0.003 0.038 0.039 0.028 
 50     1357    (8)    2 :  0.516 0.004 0.374 0.056 0.050 
 51     1362    (0)    4 :  0.814 0.004 0.083 0.053 0.047 
 52     1391    (8)    2 :  0.009 0.003 0.849 0.073 0.066 
 53     1409    (0)    2 :  0.035 0.004 0.056 0.410 0.495 
 54     1424    (8)    1 :  0.659 0.006 0.162 0.120 0.054 
 55    1424C   (33)    1 :  0.014 0.010 0.031 0.562 0.384 
 56    1424E   (16)    1 :  0.722 0.003 0.025 0.131 0.118 
 57    1424F   (33)    1 :  0.702 0.004 0.186 0.057 0.051 
 58    1424G   (33)    1 :  0.742 0.007 0.082 0.106 0.063 
 59     1432    (0)    6 :  0.033 0.003 0.018 0.428 0.518 
 60     1442    (0)    2 :  0.237 0.004 0.255 0.161 0.343 
 61     1450   (25)    5 :  0.247 0.004 0.236 0.279 0.234 
 62     1476    (0)    2 :  0.718 0.005 0.063 0.094 0.121 
 63     1519    (0)    2 :  0.130 0.004 0.029 0.381 0.456 
 64     1568    (0)    3 :  0.157 0.003 0.425 0.145 0.271 
 65     1579   (25)    2 :  0.820 0.004 0.034 0.029 0.113 
 66     1614    (8)    2 :  0.337 0.003 0.232 0.207 0.221 
 67     1617   (16)    1 :  0.007 0.964 0.013 0.008 0.008 
 68     1621    (0)    2 :  0.166 0.005 0.085 0.247 0.496 
 69     1825    (8)    2 :  0.372 0.005 0.288 0.093 0.242 
 70     1829    (8)    1 :  0.021 0.004 0.061 0.421 0.493 
 71     1836    (0)    4 :  0.003 0.986 0.005 0.003 0.003 
 72     1868   (41)    3 :  0.021 0.058 0.902 0.009 0.010 
 73     1900    (0)    2 :  0.059 0.004 0.072 0.369 0.496 
 74     1923    (0)    2 :  0.369 0.004 0.275 0.206 0.146 
 75     1924    (8)    6 :  0.025 0.003 0.056 0.480 0.437 
 76     1938    (0)    2 :  0.240 0.005 0.210 0.309 0.236 
 77     1945    (0)    5 :  0.025 0.004 0.134 0.371 0.466 
 78     2016   (16)    1 :  0.158 0.005 0.051 0.245 0.541 
 79     2066   (16)    5 :  0.485 0.004 0.167 0.185 0.159 
 80     3027    (8)    2 :  0.224 0.004 0.183 0.255 0.333 
 81     3051    (0)    3 :  0.010 0.004 0.009 0.593 0.385 
 82     3056    (0)    2 :  0.052 0.004 0.153 0.469 0.323 
 83     3079    (0)    5 :  0.376 0.014 0.195 0.199 0.217 
 84     3093   (16)    3 :  0.138 0.006 0.049 0.309 0.498 
 85    3129B   (41)    6 :  0.034 0.006 0.757 0.074 0.130 
 86    3129C   (41)    6 :  0.746 0.007 0.025 0.142 0.081 
 87    3129H   (25)    6 :  0.054 0.006 0.160 0.514 0.267 
 88    3129L   (41)    6 :  0.026 0.005 0.191 0.399 0.380 
 89    3129N   (41)    6 :  0.163 0.005 0.111 0.385 0.336 
 90    3129O   (25)    6 :  0.089 0.006 0.040 0.520 0.345 
 91    3129P    (8)    6 :  0.021 0.003 0.017 0.500 0.459 
 92     3141    (0)    3 :  0.076 0.004 0.070 0.393 0.456 
 93     3144    (0)    2 :  0.292 0.004 0.027 0.223 0.453 
 94     3167    (0)    1 :  0.015 0.006 0.196 0.370 0.413 
 95     3174    (8)    5 :  0.066 0.008 0.031 0.515 0.380 
 96     3177    (0)    6 :  0.102 0.003 0.095 0.351 0.448 
 97     3271    (8)    3 :  0.635 0.004 0.152 0.106 0.103 


Estimated Allele Frequencies in each cluster
First column gives estimated ancestral frequencies


Locus 1 : 
6 alleles
0.0% missing data
 148   (0.674) 0.777 0.203 0.674 0.750 0.790 
 146   (0.123) 0.083 0.035 0.123 0.127 0.101 
 147   (0.114) 0.122 0.032 0.113 0.108 0.092 
 160   (0.049) 0.010 0.635 0.051 0.009 0.009 
 172   (0.019) 0.003 0.087 0.017 0.003 0.003 
 158   (0.021) 0.004 0.007 0.022 0.004 0.004 

Locus 2 : 
18 alleles
1.0% missing data
 199   (0.067) 0.041 0.020 0.068 0.079 0.054 
 201   (0.152) 0.144 0.043 0.152 0.250 0.312 
 197   (0.243) 0.382 0.076 0.244 0.381 0.346 
 205   (0.093) 0.054 0.028 0.096 0.074 0.080 
 211   (0.070) 0.085 0.020 0.071 0.054 0.039 
 225   (0.024) 0.008 0.007 0.024 0.009 0.009 
 207   (0.026) 0.012 0.007 0.026 0.007 0.009 
 217   (0.027) 0.019 0.008 0.027 0.008 0.007 
 193   (0.040) 0.024 0.011 0.039 0.027 0.035 
 203   (0.047) 0.055 0.014 0.047 0.023 0.024 
 191   (0.056) 0.112 0.016 0.055 0.040 0.043 
 255   (0.020) 0.004 0.418 0.019 0.004 0.003 
 195   (0.026) 0.005 0.007 0.028 0.005 0.005 
 223   (0.018) 0.010 0.005 0.017 0.006 0.006 
 241   (0.023) 0.006 0.223 0.021 0.005 0.005 
 237   (0.018) 0.003 0.084 0.017 0.003 0.003 
 213   (0.034) 0.030 0.010 0.032 0.019 0.015 
 215   (0.017) 0.006 0.005 0.017 0.005 0.007 

Locus 3 : 
10 alleles
9.3% missing data
 201   (0.268) 0.301 0.261 0.265 0.313 0.349 
 210   (0.134) 0.160 0.125 0.133 0.104 0.122 
 204   (0.203) 0.210 0.062 0.207 0.198 0.166 
 207   (0.274) 0.274 0.082 0.278 0.361 0.340 
 214   (0.020) 0.005 0.006 0.021 0.004 0.004 
 192   (0.023) 0.004 0.272 0.021 0.004 0.004 
 198   (0.020) 0.020 0.006 0.019 0.004 0.004 
 189   (0.021) 0.004 0.089 0.020 0.004 0.004 
 219   (0.019) 0.017 0.006 0.018 0.005 0.004 
 183   (0.019) 0.004 0.091 0.018 0.004 0.004 

Locus 4 : 
14 alleles
3.1% missing data
 140   (0.152) 0.118 0.041 0.151 0.264 0.230 
 142   (0.157) 0.248 0.047 0.159 0.146 0.162 
 138   (0.096) 0.082 0.375 0.094 0.093 0.082 
 152   (0.025) 0.016 0.007 0.024 0.025 0.018 
 146   (0.029) 0.014 0.007 0.029 0.012 0.021 
 132   (0.114) 0.052 0.110 0.114 0.176 0.204 
 134   (0.073) 0.061 0.313 0.072 0.064 0.044 
 130   (0.086) 0.147 0.024 0.086 0.086 0.054 
 136   (0.109) 0.131 0.034 0.110 0.073 0.096 
 128   (0.037) 0.048 0.010 0.037 0.012 0.011 
 150   (0.018) 0.004 0.005 0.018 0.003 0.003 
 144   (0.062) 0.069 0.017 0.061 0.035 0.064 
 148   (0.027) 0.006 0.007 0.028 0.007 0.007 
 160   (0.016) 0.004 0.004 0.016 0.004 0.004 

Locus 5 : 
9 alleles
7.2% missing data
 257   (0.274) 0.333 0.089 0.275 0.245 0.308 
 259   (0.408) 0.516 0.196 0.405 0.605 0.522 
 271   (0.080) 0.019 0.106 0.079 0.064 0.075 
 273   (0.048) 0.017 0.552 0.047 0.018 0.015 
 255   (0.044) 0.029 0.015 0.047 0.010 0.009 
 261   (0.066) 0.059 0.019 0.066 0.035 0.047 
 269   (0.029) 0.017 0.008 0.028 0.012 0.013 
 243   (0.031) 0.006 0.008 0.032 0.008 0.007 
 265   (0.021) 0.005 0.007 0.022 0.004 0.004 

Locus 6 : 
11 alleles
26.8% missing data
 155   (0.406) 0.445 0.185 0.407 0.498 0.535 
 170   (0.095) 0.060 0.045 0.097 0.070 0.070 
 173   (0.044) 0.014 0.019 0.044 0.030 0.045 
 164   (0.076) 0.023 0.036 0.076 0.091 0.097 
 158   (0.176) 0.333 0.354 0.173 0.142 0.157 
 149   (0.044) 0.018 0.023 0.047 0.013 0.012 
 188   (0.037) 0.065 0.016 0.036 0.079 0.032 
 161   (0.034) 0.008 0.280 0.034 0.008 0.008 
 152   (0.023) 0.006 0.010 0.024 0.007 0.006 
 143   (0.038) 0.012 0.021 0.039 0.040 0.023 
 200   (0.025) 0.015 0.012 0.025 0.022 0.016 

Locus 7 : 
18 alleles
5.2% missing data
 145   (0.066) 0.181 0.020 0.065 0.060 0.051 
 157   (0.039) 0.013 0.013 0.041 0.019 0.022 
 137   (0.067) 0.040 0.021 0.067 0.077 0.072 
 159   (0.074) 0.051 0.023 0.076 0.087 0.078 
 149   (0.106) 0.089 0.121 0.107 0.102 0.099 
 151   (0.112) 0.084 0.035 0.114 0.198 0.156 
 139   (0.046) 0.019 0.014 0.048 0.018 0.027 
 147   (0.125) 0.120 0.121 0.124 0.169 0.244 
 153   (0.063) 0.020 0.101 0.062 0.105 0.086 
 141   (0.085) 0.244 0.025 0.086 0.057 0.047 
 161   (0.054) 0.049 0.102 0.053 0.043 0.048 
 143   (0.020) 0.033 0.006 0.019 0.004 0.005 
 165   (0.047) 0.026 0.107 0.046 0.033 0.037 
 181   (0.017) 0.009 0.005 0.016 0.006 0.008 
 135   (0.020) 0.004 0.006 0.020 0.005 0.007 
 155   (0.021) 0.004 0.270 0.019 0.004 0.004 
 177   (0.019) 0.010 0.006 0.018 0.007 0.005 
 132   (0.018) 0.004 0.005 0.018 0.004 0.005 

Locus 8 : 
6 alleles
28.9% missing data
 132   (0.133) 0.085 0.062 0.132 0.182 0.159 
 138   (0.737) 0.794 0.611 0.742 0.764 0.789 
 135   (0.026) 0.022 0.011 0.025 0.006 0.006 
 141   (0.039) 0.034 0.018 0.038 0.027 0.022 
 144   (0.039) 0.058 0.018 0.038 0.014 0.017 
 129   (0.026) 0.006 0.279 0.025 0.006 0.006 

Locus 9 : 
14 alleles
14.4% missing data
 266   (0.038) 0.012 0.093 0.037 0.022 0.032 
 288   (0.046) 0.018 0.014 0.047 0.021 0.022 
 282   (0.174) 0.098 0.142 0.177 0.232 0.246 
 286   (0.116) 0.075 0.214 0.115 0.178 0.165 
 278   (0.152) 0.173 0.135 0.152 0.203 0.167 
 280   (0.174) 0.245 0.136 0.179 0.109 0.132 
 274   (0.065) 0.106 0.021 0.068 0.022 0.025 
 276   (0.035) 0.012 0.010 0.034 0.050 0.075 
 292   (0.019) 0.004 0.007 0.019 0.006 0.005 
 270   (0.048) 0.039 0.015 0.046 0.070 0.053 
 272   (0.029) 0.122 0.008 0.028 0.008 0.008 
 284   (0.066) 0.075 0.019 0.064 0.070 0.062 
 300   (0.020) 0.004 0.182 0.019 0.004 0.004 
 290   (0.018) 0.016 0.005 0.017 0.006 0.005 

Locus 10 : 
18 alleles
1.0% missing data
 146   (0.331) 0.533 0.106 0.335 0.457 0.478 
 172   (0.036) 0.011 0.011 0.036 0.019 0.026 
 166   (0.046) 0.011 0.201 0.045 0.041 0.034 
 160   (0.084) 0.084 0.024 0.087 0.055 0.050 
 186   (0.027) 0.005 0.184 0.027 0.006 0.005 
 158   (0.027) 0.010 0.008 0.027 0.024 0.020 
 170   (0.070) 0.033 0.019 0.070 0.069 0.067 
 148   (0.078) 0.170 0.023 0.077 0.073 0.094 
 178   (0.028) 0.006 0.011 0.028 0.009 0.012 
 168   (0.074) 0.031 0.020 0.072 0.141 0.125 
 164   (0.029) 0.056 0.008 0.028 0.014 0.006 
 180   (0.027) 0.013 0.008 0.028 0.008 0.007 
 174   (0.042) 0.013 0.100 0.041 0.034 0.028 
 184   (0.018) 0.003 0.174 0.016 0.003 0.003 
 162   (0.025) 0.010 0.007 0.026 0.006 0.008 
 194   (0.015) 0.003 0.084 0.014 0.003 0.003 
 154   (0.021) 0.004 0.006 0.020 0.017 0.018 
 144   (0.023) 0.005 0.007 0.022 0.020 0.016 

Locus 11 : 
9 alleles
1.0% missing data
 158   (0.742) 0.933 0.210 0.745 0.891 0.866 
 160   (0.069) 0.019 0.019 0.070 0.044 0.069 
 154   (0.037) 0.010 0.010 0.038 0.012 0.017 
 170   (0.030) 0.006 0.010 0.031 0.009 0.007 
 152   (0.034) 0.008 0.489 0.033 0.010 0.012 
 162   (0.019) 0.003 0.082 0.018 0.003 0.003 
 166   (0.022) 0.004 0.168 0.021 0.004 0.004 
 144   (0.021) 0.009 0.006 0.020 0.005 0.007 
 156   (0.025) 0.006 0.006 0.024 0.022 0.014 

Locus 12 : 
12 alleles
10.3% missing data
 218   (0.313) 0.479 0.100 0.314 0.429 0.394 
 212   (0.067) 0.020 0.019 0.068 0.083 0.077 
 222   (0.066) 0.067 0.019 0.065 0.063 0.071 
 214   (0.125) 0.158 0.037 0.126 0.081 0.120 
 220   (0.177) 0.152 0.052 0.181 0.189 0.179 
 216   (0.074) 0.044 0.022 0.072 0.103 0.099 
 210   (0.045) 0.043 0.013 0.044 0.021 0.027 
 202   (0.030) 0.006 0.367 0.030 0.006 0.006 
 224   (0.039) 0.018 0.011 0.040 0.013 0.015 
 200   (0.023) 0.005 0.177 0.021 0.005 0.004 
 206   (0.022) 0.004 0.177 0.020 0.004 0.004 
 194   (0.019) 0.004 0.007 0.020 0.004 0.004 

Values of parameters used in structure:
DATAFILE=bws17_structure.txt,	OUTFILE=bws17_structurek5_results,	NUMINDS=97,	NUMLOCI=12,	MISSING=-9,	LABEL=1,	POPDATA=1,	POPFLAG=0,	PHENOTYPE=0,	EXTRACOLS=0,	MAXPOPS=5,	BURNIN=10000,	NUMREPS=20000,	USEPOPINFO=0,	INFERALPHA=1,	INFERLAMBDA=0,	POPSPECIFICLAMBDA=0,	POPALPHAS=0,	COMPUTEPROB=1,	NOADMIX=0,	ADMBURNIN=500,	UPDATEFREQ=100,	PRINTLIKES=0,	INTERMEDSAVE=0,	PRINTKLD=0,	PRINTNET=1,	PRINTLAMBDA=1,	ANCESTDIST=0,	NUMBOXES=1000,	ANCESTPINT=0.90000,	GENSBACK=2,	MIGRPRIOR=0.01000,	PRINTQHAT=0,	PRINTQSUM=1,	ALPHA=1.0000,	FREQSCORR=1,	FPRIORMEAN=0.0100,	FPRIORSD=0.0500,	ONEFST=0,	LAMBDA=1.0000,	UNIFPRIORALPHA=1,	ALPHAMAX=10.0000,	ALPHAPRIORA=1.0000,	ALPHAPRIORB=2.0000,	ALPHAPROPSD=0.0250,	STARTATPOPINFO=0,	RANDOMIZE=1,	LINKAGE=0,	METROFREQ=10,	REPORTHITRATE=0,	MARKOVPHASE=0,	PHASED=0,	PLOIDY=2,	PHASEINFO=0	LOCPRIOR=0, 	LOCPRIORINIT=1.000000, 	LOCDATA=0, 	LOCISPOP=1, 	LOCPRIORSTEP=0.100000, 	MAXLOCPRIOR=20.000000, 	SEED=1680097555,	
[STRAT parameters]:    NUMSIMSTATS=1000,	PHENOTYPECOL=-9,	POOLFREQ=10,	LOCUSxONLY=0,	EMERROR=0.00100,	MISSINGPHENO=-9,	