12 1 148 148 199 201 201 201 140 140 257 257 155 155 145 157 132 138 266 288 146 172 158 158 218 218
45 2 148 148 197 199 201 210 142 142 259 259 -9 -9 137 159 -9 -9 282 286 146 166 158 158 218 218
68 3 146 148 199 205 204 207 138 138 257 271 155 170 149 159 138 138 278 280 160 166 158 160 212 222
0078F 6 148 148 -9 -9 -9 -9 152 152 -9 -9 -9 -9 151 151 132 138 -9 -9 146 146 158 158 -9 -9
89 4 148 148 197 201 201 210 140 146 257 259 155 173 139 147 138 138 274 280 146 160 154 158 214 218
110 4 148 148 201 201 204 207 132 132 259 271 155 164 147 147 132 138 266 276 146 146 158 158 214 222
124 2 147 148 199 211 207 207 134 142 259 259 155 155 151 153 132 138 282 292 172 186 170 170 -9 -9
148 4 148 148 197 211 204 207 130 138 259 271 155 164 137 153 132 138 282 286 146 158 158 158 218 220
192 4 146 148 197 225 204 207 130 142 257 273 164 170 137 141 138 138 278 288 160 170 158 158 218 220
224 3 146 146 199 199 204 210 134 138 259 259 155 158 149 161 132 138 278 286 146 146 158 158 216 220
304 3 148 148 197 197 201 210 136 142 257 259 158 158 141 145 -9 -9 270 272 146 148 158 158 218 220
307 3 160 160 205 211 207 214 128 150 255 259 155 170 149 151 138 138 274 280 146 178 158 158 218 220
315 5 147 148 197 197 201 207 136 140 259 259 158 170 147 151 138 138 278 286 148 170 158 158 212 218
335 2 148 148 207 217 201 201 132 142 257 259 149 149 141 157 -9 -9 280 286 146 160 158 158 210 220
336 5 148 148 197 197 204 207 142 144 259 259 155 158 143 147 135 141 274 274 146 160 158 158 218 220
385 3 148 148 193 203 201 201 128 142 259 259 155 170 151 151 -9 -9 282 286 146 146 158 158 216 218
397 5 148 148 191 201 201 210 136 138 257 257 155 170 145 149 138 138 278 282 146 146 158 158 216 218
398 3 148 148 197 205 201 204 132 138 257 257 155 155 147 151 -9 -9 278 280 168 172 154 158 216 218
434 2 160 160 255 255 192 192 134 134 259 273 -9 -9 147 153 138 138 266 280 166 166 152 152 202 202
445 2 146 148 191 205 201 201 140 142 257 259 158 158 149 165 132 138 280 284 146 148 158 158 210 220
453 1 147 148 197 201 201 207 140 142 257 259 155 158 147 181 138 138 280 284 146 146 158 158 214 220
456 1 148 148 201 201 201 201 134 136 257 257 155 158 147 165 -9 -9 278 286 146 146 158 158 210 214
496 1 148 148 197 201 201 201 132 136 257 259 164 164 147 147 138 138 278 282 146 178 152 158 218 220
564 3 148 148 199 211 201 204 130 134 259 259 188 188 141 141 -9 -9 278 280 164 164 158 158 218 218
583 3 147 148 193 201 207 207 130 136 259 259 155 155 147 153 138 138 266 280 146 172 158 158 214 218
655 5 148 148 205 211 204 207 134 136 257 259 155 158 141 161 -9 -9 280 280 146 160 158 158 218 222
830 3 148 148 201 201 201 204 132 144 257 259 155 155 139 147 138 138 282 286 146 170 158 160 212 218
879 1 148 148 197 197 201 210 134 142 259 261 155 158 139 161 -9 -9 274 284 146 148 158 158 216 222
886 3 148 148 197 201 201 204 144 146 257 259 155 158 149 153 138 138 280 286 146 146 158 160 214 218
897 4 146 147 195 195 204 204 132 142 257 259 155 161 139 159 138 138 280 280 160 180 154 158 220 224
917 4 148 148 197 201 201 201 140 142 257 259 155 155 147 159 138 138 280 284 148 168 158 158 210 214
933 3 148 148 197 205 201 207 138 140 257 273 155 155 151 157 -9 -9 270 282 146 166 158 158 214 218
941 3 146 148 197 201 204 207 132 132 259 259 -9 -9 137 145 138 138 -9 -9 146 146 158 158 218 218
966 3 148 148 197 223 204 204 136 136 261 269 155 158 147 151 -9 -9 278 278 146 148 158 158 218 220
1028 5 146 148 201 207 201 207 142 142 257 257 155 155 137 147 138 138 280 280 148 170 158 158 218 224
1067 4 148 148 197 201 207 210 142 144 257 259 155 158 141 143 138 138 272 272 148 160 158 158 214 218
1071 1 148 148 191 197 198 207 128 142 259 259 155 155 145 149 138 144 272 280 146 164 158 158 214 218
1112 3 148 148 193 201 201 207 136 144 257 271 158 158 137 147 138 138 276 282 148 168 158 160 216 218
1285B 6 146 148 197 205 207 210 132 142 259 259 -9 -9 147 147 138 138 282 282 146 166 158 160 218 218
1285D 6 147 148 197 201 207 207 140 142 257 259 155 173 147 151 138 138 270 276 146 168 158 160 216 220
1285E 6 146 148 203 205 207 207 132 144 261 271 158 173 135 157 138 138 282 282 168 174 158 158 212 218
1285F 6 146 147 197 211 201 207 130 130 257 259 188 188 -9 -9 -9 -9 -9 -9 168 170 158 158 218 218
1285G 6 146 147 197 201 201 207 138 140 259 259 188 188 147 151 132 138 278 284 146 168 158 158 218 220
1285I 6 148 148 197 211 201 207 132 132 259 271 170 173 147 149 138 138 276 280 146 146 158 158 214 220
1287 5 148 148 197 241 -9 -9 134 142 257 257 -9 -9 -9 -9 -9 -9 -9 -9 146 146 152 158 218 218
1312 5 160 160 237 255 189 201 132 138 271 273 158 161 155 155 -9 -9 278 300 184 186 152 162 200 206
1326 4 148 148 191 197 207 207 132 132 257 259 -9 -9 147 165 -9 -9 278 280 146 168 158 158 218 220
1343 3 148 148 199 205 201 204 134 134 259 271 155 155 151 151 -9 -9 278 284 146 160 158 158 216 220
1353 3 148 148 197 203 201 207 128 130 257 259 155 155 141 145 138 138 274 284 146 146 158 158 218 218
1357 2 147 148 197 205 207 207 130 136 255 255 -9 -9 147 161 138 138 280 280 146 164 158 158 214 218
1362 4 146 148 197 211 201 207 138 144 257 257 155 155 141 151 138 144 272 274 146 146 158 158 218 218
1391 2 148 148 201 205 204 210 140 148 243 243 152 164 139 149 -9 -9 282 288 162 170 158 158 214 218
1409 2 148 148 197 201 201 207 138 140 257 271 155 155 141 149 132 132 282 282 168 170 158 158 218 222
1424 1 147 147 213 217 204 204 130 142 259 259 158 158 145 159 -9 -9 278 286 146 148 158 158 214 218
1424C 1 148 148 197 197 -9 -9 132 140 259 259 -9 -9 149 153 132 138 -9 -9 166 168 158 158 -9 -9
1424E 1 148 148 191 197 204 204 136 142 259 259 -9 -9 145 159 138 138 -9 -9 146 146 158 158 218 218
1424F 1 147 147 191 191 204 219 -9 -9 -9 -9 -9 -9 141 141 138 138 -9 -9 146 146 158 158 210 218
1424G 1 147 148 191 211 -9 -9 130 138 259 259 -9 -9 145 149 138 138 -9 -9 146 148 158 158 -9 -9
1432 6 147 148 197 201 201 207 132 142 259 259 155 164 147 151 138 138 278 282 146 146 158 158 218 220
1442 2 148 148 197 205 201 210 136 142 259 261 155 158 145 161 132 138 282 288 148 168 158 160 214 218
1450 5 146 148 191 203 207 207 130 140 257 259 155 158 -9 -9 -9 -9 -9 -9 146 158 158 158 212 220
1476 2 146 148 197 203 201 204 132 142 259 261 158 158 141 141 138 138 278 278 148 160 158 158 218 222
1519 2 148 148 197 201 201 201 138 140 257 259 155 155 137 151 138 138 278 286 146 160 158 158 218 222
1568 3 148 148 215 225 207 207 144 146 257 257 155 170 151 151 138 138 284 286 146 146 158 158 214 220
1579 2 148 148 197 197 207 210 -9 -9 -9 -9 -9 -9 141 147 138 138 280 280 148 148 158 158 214 218
1614 2 148 148 197 197 207 210 136 140 257 257 -9 -9 137 149 132 138 270 274 146 146 158 158 214 224
1617 1 160 160 241 241 201 210 134 138 273 273 -9 -9 149 161 -9 -9 282 286 186 194 152 166 200 202
1621 2 148 148 197 201 201 210 136 140 259 261 155 155 147 147 138 144 276 282 146 174 158 158 214 218
1825 2 148 148 191 197 201 210 136 142 259 259 155 155 141 147 -9 -9 282 282 148 162 144 158 214 220
1829 1 148 148 191 197 201 207 132 142 259 259 155 155 153 159 -9 -9 276 282 146 154 158 158 212 216
1836 4 160 172 255 255 183 192 138 138 273 273 158 161 155 165 129 129 286 300 174 184 152 166 202 206
1868 3 158 160 197 197 -9 -9 136 136 255 265 143 149 -9 -9 -9 -9 274 282 -9 -9 -9 -9 194 202
1900 2 148 148 197 205 204 207 142 142 259 259 155 164 147 161 138 138 282 286 148 170 158 158 216 216
1923 2 148 148 193 211 201 204 130 140 259 259 158 170 141 177 138 138 278 280 146 170 158 158 216 218
1924 6 146 146 197 213 207 207 132 132 259 259 -9 -9 149 159 132 138 270 282 146 168 158 158 218 218
1938 2 148 148 197 201 201 204 142 152 259 259 200 200 151 165 138 138 278 280 146 160 158 158 220 220
1945 5 148 148 201 211 204 210 132 136 257 259 155 155 137 153 138 138 286 286 146 154 158 158 212 220
2016 1 148 148 201 201 201 210 140 144 257 259 -9 -9 159 161 -9 -9 282 282 146 148 158 158 218 220
2066 5 148 148 199 201 207 210 130 140 257 257 -9 -9 141 145 -9 -9 280 282 146 180 158 158 218 218
3027 2 147 148 193 201 207 210 138 140 257 269 155 155 145 149 -9 -9 278 282 146 146 158 158 220 222
3051 3 148 148 197 197 207 207 140 140 259 259 155 155 153 153 138 138 286 286 168 168 158 158 218 218
3056 2 148 148 197 199 204 207 140 140 259 259 155 158 145 147 138 138 278 284 168 168 156 156 212 212
3079 5 148 148 201 203 210 210 140 142 261 273 155 170 141 149 132 138 278 278 146 146 158 158 214 220
3093 3 148 148 197 201 201 201 138 144 257 257 -9 -9 151 153 -9 -9 278 286 146 146 158 158 218 222
3129B 6 148 148 197 201 -9 -9 148 160 -9 -9 -9 -9 159 132 138 138 -9 -9 146 146 160 160 -9 -9
3129C 6 148 148 197 197 -9 -9 138 142 -9 -9 -9 -9 145 145 138 138 -9 -9 146 146 158 158 -9 -9
3129H 6 148 148 197 201 -9 -9 130 140 259 259 143 143 151 159 132 138 -9 -9 146 174 158 158 -9 -9
3129L 6 147 148 197 201 -9 -9 132 140 -9 -9 -9 -9 159 159 132 138 -9 -9 144 144 158 158 -9 -9
3129N 6 146 147 201 201 207 207 140 140 -9 -9 -9 -9 -9 -9 141 141 -9 -9 146 146 158 158 -9 -9
3129O 6 148 148 197 197 201 204 -9 -9 259 259 -9 -9 151 151 138 138 270 282 146 174 158 158 -9 -9
3129P 6 146 147 201 201 201 207 140 140 259 259 -9 -9 137 151 138 138 270 282 148 168 158 158 218 220
3141 3 148 148 197 205 201 207 140 142 257 259 155 164 153 161 132 138 286 286 146 160 158 158 218 222
3144 2 148 148 201 201 207 210 132 142 257 259 155 158 141 147 132 138 280 286 146 146 158 158 218 218
3167 1 148 148 199 201 204 210 140 140 261 271 155 164 149 165 138 138 278 286 170 170 158 158 212 218
3174 5 148 148 197 197 204 207 132 134 259 259 -9 -9 151 153 138 138 278 282 146 148 158 158 216 218
3177 6 148 148 197 205 201 204 130 132 257 257 155 155 147 149 138 138 276 284 146 158 158 158 218 220
3271 3 148 148 201 213 201 201 130 140 257 259 158 158 137 145 -9 -9 272 290 146 146 158 158 220 222
