

----------------------------------------------------
STRUCTURE by Pritchard, Stephens and Donnelly (2000)
     and Falush, Stephens and Pritchard (2003)
       Code by Pritchard, Falush and Hubisz
             Version 2.3.4 (Jul 2012)
----------------------------------------------------



Command line arguments:   ./structure -m mainparams_bws17_k6_3 
Input File:    bws17_structure.txt

Run parameters:
   97 individuals
   12 loci
   6 populations assumed
   10000 Burn-in period
   20000 Reps


--------------------------------------------
Proportion of membership of each pre-defined
 population in each of the 6 clusters

Given    Inferred Clusters                            Number of
 Pop       1      2      3      4      5      6      Individuals

  1:     0.070  0.091  0.167  0.277  0.244  0.150       15
  2:     0.050  0.207  0.213  0.222  0.213  0.095       21
  3:     0.010  0.196  0.210  0.160  0.310  0.112       22
  4:     0.103  0.202  0.106  0.270  0.260  0.060       10
  5:     0.099  0.116  0.190  0.265  0.226  0.104       12
  6:     0.005  0.128  0.166  0.086  0.233  0.382       17
--------------------------------------------

Allele-freq. divergence among pops (Net nucleotide distance),
computed using point estimates of P.

      1       2       3       4       5       6      
 1      -    0.1182  0.1489  0.1725  0.1630  0.1709  
 2   0.1182     -    0.0063  0.0165  0.0116  0.0216  
 3   0.1489  0.0063     -    0.0151  0.0078  0.0192  
 4   0.1725  0.0165  0.0151     -    0.0168  0.0317  
 5   0.1630  0.0116  0.0078  0.0168     -    0.0250  
 6   0.1709  0.0216  0.0192  0.0317  0.0250     -    

Average distances (expected heterozygosity) between individuals in same cluster:
cluster  1  : 0.7347 
cluster  2  : 0.7467 
cluster  3  : 0.6742 
cluster  4  : 0.6291 
cluster  5  : 0.6394 
cluster  6  : 0.6457 

--------------------------------------------
Estimated Ln Prob of Data   = -3366.5
Mean value of ln likelihood = -3111.0
Variance of ln likelihood   = 511.1
Mean value of alpha         = 0.0432

Mean value of Fst_1         = 0.2569
Mean value of Fst_2         = 0.0008
Mean value of Fst_3         = 0.0920
Mean value of Fst_4         = 0.1095
Mean value of Fst_5         = 0.0908
Mean value of Fst_6         = 0.1563


Inferred ancestry of individuals:
        Label (%Miss) Pop:  Inferred clusters
  1       12    (0)    1 :  0.004 0.261 0.259 0.158 0.244 0.074 
  2       45   (16)    2 :  0.007 0.094 0.204 0.101 0.325 0.268 
  3       68    (0)    3 :  0.011 0.448 0.308 0.015 0.187 0.031 
  4    0078F   (50)    6 :  0.005 0.071 0.528 0.048 0.222 0.126 
  5       89    (0)    4 :  0.003 0.276 0.057 0.306 0.338 0.020 
  6      110    (0)    4 :  0.005 0.030 0.182 0.023 0.742 0.018 
  7      124    (8)    2 :  0.019 0.728 0.100 0.017 0.066 0.070 
  8      148    (0)    4 :  0.005 0.145 0.158 0.020 0.561 0.111 
  9      192    (0)    4 :  0.007 0.536 0.270 0.052 0.070 0.065 
 10      224    (0)    3 :  0.011 0.059 0.662 0.017 0.147 0.105 
 11      304    (8)    3 :  0.003 0.018 0.024 0.879 0.036 0.041 
 12      307    (0)    3 :  0.027 0.882 0.013 0.024 0.012 0.041 
 13      315    (0)    5 :  0.004 0.050 0.190 0.047 0.431 0.278 
 14      335    (8)    2 :  0.005 0.550 0.113 0.213 0.053 0.065 
 15      336    (0)    5 :  0.003 0.148 0.034 0.712 0.072 0.031 
 16      385    (8)    3 :  0.004 0.124 0.415 0.062 0.307 0.087 
 17      397    (0)    5 :  0.004 0.077 0.339 0.249 0.257 0.074 
 18      398    (8)    3 :  0.005 0.170 0.168 0.044 0.579 0.034 
 19      434    (8)    2 :  0.952 0.010 0.006 0.007 0.016 0.009 
 20      445    (0)    2 :  0.005 0.118 0.310 0.403 0.072 0.093 
 21      453    (0)    1 :  0.003 0.065 0.119 0.553 0.178 0.081 
 22      456    (8)    1 :  0.012 0.045 0.262 0.309 0.353 0.019 
 23      496    (0)    1 :  0.026 0.079 0.146 0.031 0.686 0.032 
 24      564    (8)    3 :  0.005 0.092 0.287 0.266 0.009 0.340 
 25      583    (0)    3 :  0.005 0.168 0.107 0.106 0.528 0.087 
 26      655    (8)    5 :  0.006 0.124 0.358 0.329 0.088 0.095 
 27      830    (0)    3 :  0.003 0.036 0.046 0.049 0.840 0.025 
 28      879    (8)    1 :  0.005 0.118 0.373 0.311 0.173 0.019 
 29      886    (0)    3 :  0.005 0.052 0.065 0.212 0.651 0.014 
 30      897    (0)    4 :  0.007 0.858 0.028 0.057 0.030 0.020 
 31      917    (0)    4 :  0.003 0.051 0.114 0.467 0.257 0.108 
 32      933    (8)    3 :  0.037 0.284 0.230 0.105 0.200 0.144 
 33      941   (16)    3 :  0.004 0.025 0.149 0.073 0.200 0.551 
 34      966    (8)    3 :  0.004 0.254 0.415 0.080 0.183 0.065 
 35     1028    (0)    5 :  0.004 0.166 0.079 0.505 0.185 0.062 
 36     1067    (0)    4 :  0.003 0.017 0.010 0.912 0.045 0.012 
 37     1071    (0)    1 :  0.003 0.098 0.021 0.761 0.027 0.090 
 38     1112    (0)    3 :  0.005 0.102 0.069 0.076 0.714 0.034 
 39    1285B    (8)    6 :  0.007 0.095 0.147 0.067 0.478 0.206 
 40    1285D    (0)    6 :  0.003 0.038 0.165 0.030 0.564 0.199 
 41    1285E    (0)    6 :  0.005 0.706 0.071 0.011 0.127 0.081 
 42    1285F   (25)    6 :  0.004 0.034 0.106 0.102 0.027 0.727 
 43    1285G    (0)    6 :  0.005 0.015 0.191 0.028 0.045 0.716 
 44    1285I    (0)    6 :  0.004 0.068 0.161 0.038 0.670 0.059 
 45     1287   (41)    5 :  0.176 0.088 0.113 0.479 0.109 0.035 
 46     1312    (8)    5 :  0.960 0.017 0.006 0.003 0.008 0.005 
 47     1326   (16)    4 :  0.006 0.060 0.164 0.119 0.484 0.167 
 48     1343    (8)    3 :  0.007 0.083 0.670 0.016 0.202 0.021 
 49     1353    (0)    3 :  0.003 0.027 0.068 0.781 0.019 0.102 
 50     1357    (8)    2 :  0.005 0.239 0.066 0.481 0.071 0.138 
 51     1362    (0)    4 :  0.004 0.039 0.071 0.740 0.072 0.075 
 52     1391    (8)    2 :  0.003 0.856 0.054 0.010 0.065 0.011 
 53     1409    (0)    2 :  0.005 0.080 0.323 0.059 0.417 0.116 
 54     1424    (8)    1 :  0.004 0.184 0.133 0.254 0.029 0.395 
 55    1424C   (33)    1 :  0.013 0.043 0.110 0.017 0.351 0.467 
 56    1424E   (16)    1 :  0.003 0.038 0.118 0.510 0.099 0.233 
 57    1424F   (33)    1 :  0.004 0.086 0.118 0.521 0.018 0.252 
 58    1424G   (33)    1 :  0.008 0.078 0.134 0.451 0.039 0.291 
 59     1432    (0)    6 :  0.003 0.019 0.187 0.024 0.533 0.233 
 60     1442    (0)    2 :  0.004 0.305 0.199 0.222 0.233 0.036 
 61     1450   (25)    5 :  0.004 0.310 0.180 0.175 0.139 0.192 
 62     1476    (0)    2 :  0.004 0.087 0.499 0.223 0.072 0.115 
 63     1519    (0)    2 :  0.004 0.024 0.370 0.051 0.493 0.059 
 64     1568    (0)    3 :  0.003 0.340 0.132 0.172 0.334 0.019 
 65     1579   (25)    2 :  0.004 0.018 0.023 0.853 0.068 0.034 
 66     1614    (8)    2 :  0.003 0.095 0.066 0.581 0.179 0.075 
 67     1617   (16)    1 :  0.956 0.014 0.010 0.006 0.009 0.005 
 68     1621    (0)    2 :  0.006 0.122 0.147 0.197 0.471 0.057 
 69     1825    (8)    2 :  0.004 0.303 0.064 0.451 0.150 0.028 
 70     1829    (8)    1 :  0.004 0.070 0.088 0.031 0.691 0.115 
 71     1836    (0)    4 :  0.983 0.005 0.003 0.002 0.003 0.003 
 72     1868   (41)    3 :  0.067 0.878 0.010 0.020 0.010 0.016 
 73     1900    (0)    2 :  0.004 0.059 0.258 0.033 0.604 0.041 
 74     1923    (0)    2 :  0.004 0.208 0.413 0.077 0.097 0.201 
 75     1924    (8)    6 :  0.003 0.013 0.153 0.014 0.074 0.743 
 76     1938    (0)    2 :  0.005 0.096 0.524 0.092 0.204 0.079 
 77     1945    (0)    5 :  0.004 0.073 0.065 0.026 0.790 0.042 
 78     2016   (16)    1 :  0.004 0.060 0.145 0.220 0.445 0.126 
 79     2066   (16)    5 :  0.004 0.135 0.178 0.472 0.085 0.127 
 80     3027    (8)    2 :  0.004 0.195 0.378 0.105 0.245 0.073 
 81     3051    (0)    3 :  0.003 0.008 0.074 0.009 0.447 0.458 
 82     3056    (0)    2 :  0.003 0.141 0.259 0.020 0.203 0.374 
 83     3079    (0)    5 :  0.013 0.159 0.539 0.159 0.087 0.043 
 84     3093   (16)    3 :  0.006 0.019 0.262 0.089 0.604 0.020 
 85    3129B   (41)    6 :  0.005 0.701 0.054 0.050 0.147 0.043 
 86    3129C   (41)    6 :  0.008 0.028 0.129 0.667 0.075 0.093 
 87    3129H   (25)    6 :  0.005 0.100 0.132 0.025 0.066 0.672 
 88    3129L   (41)    6 :  0.006 0.060 0.123 0.037 0.083 0.691 
 89    3129N   (41)    6 :  0.005 0.030 0.189 0.140 0.062 0.574 
 90    3129O   (25)    6 :  0.006 0.053 0.165 0.048 0.151 0.578 
 91    3129P    (8)    6 :  0.003 0.020 0.170 0.022 0.088 0.697 
 92     3141    (0)    3 :  0.004 0.050 0.317 0.033 0.548 0.047 
 93     3144    (0)    2 :  0.004 0.020 0.090 0.460 0.365 0.061 
 94     3167    (0)    1 :  0.005 0.134 0.472 0.017 0.322 0.049 
 95     3174    (8)    5 :  0.007 0.043 0.197 0.026 0.459 0.268 
 96     3177    (0)    6 :  0.004 0.119 0.151 0.119 0.543 0.065 
 97     3271    (8)    3 :  0.004 0.200 0.136 0.399 0.068 0.192 


Estimated Allele Frequencies in each cluster
First column gives estimated ancestral frequencies


Locus 1 : 
6 alleles
0.0% missing data
 148   (0.680) 0.200 0.680 0.767 0.816 0.864 0.567 
 146   (0.122) 0.034 0.122 0.127 0.070 0.054 0.205 
 147   (0.111) 0.031 0.111 0.086 0.097 0.065 0.212 
 160   (0.049) 0.641 0.049 0.012 0.009 0.009 0.009 
 172   (0.019) 0.087 0.019 0.005 0.004 0.004 0.003 
 158   (0.019) 0.007 0.020 0.005 0.004 0.004 0.004 

Locus 2 : 
18 alleles
1.0% missing data
 199   (0.064) 0.019 0.064 0.115 0.030 0.042 0.049 
 201   (0.158) 0.043 0.158 0.211 0.183 0.302 0.248 
 197   (0.237) 0.074 0.237 0.277 0.426 0.352 0.403 
 205   (0.104) 0.031 0.105 0.101 0.053 0.088 0.039 
 211   (0.073) 0.021 0.073 0.059 0.059 0.053 0.069 
 225   (0.024) 0.007 0.024 0.014 0.008 0.010 0.005 
 207   (0.025) 0.007 0.025 0.010 0.019 0.008 0.007 
 217   (0.026) 0.007 0.026 0.012 0.014 0.006 0.016 
 193   (0.038) 0.010 0.038 0.041 0.013 0.040 0.018 
 203   (0.047) 0.013 0.047 0.053 0.038 0.020 0.022 
 191   (0.056) 0.015 0.056 0.048 0.108 0.040 0.056 
 255   (0.018) 0.420 0.017 0.004 0.003 0.003 0.003 
 195   (0.027) 0.007 0.027 0.007 0.007 0.006 0.005 
 223   (0.019) 0.005 0.019 0.014 0.005 0.006 0.005 
 241   (0.021) 0.227 0.021 0.006 0.007 0.005 0.004 
 237   (0.016) 0.082 0.016 0.004 0.003 0.003 0.003 
 213   (0.028) 0.007 0.027 0.016 0.018 0.007 0.045 
 215   (0.019) 0.005 0.019 0.008 0.007 0.009 0.004 

Locus 3 : 
10 alleles
9.3% missing data
 201   (0.267) 0.260 0.266 0.334 0.306 0.351 0.267 
 210   (0.135) 0.124 0.135 0.140 0.187 0.117 0.061 
 204   (0.191) 0.056 0.192 0.237 0.143 0.188 0.192 
 207   (0.284) 0.085 0.286 0.255 0.311 0.320 0.445 
 214   (0.021) 0.007 0.021 0.005 0.005 0.004 0.005 
 192   (0.021) 0.275 0.021 0.005 0.004 0.004 0.004 
 198   (0.023) 0.006 0.023 0.006 0.022 0.005 0.007 
 189   (0.020) 0.088 0.020 0.005 0.004 0.004 0.004 
 219   (0.019) 0.005 0.018 0.008 0.015 0.004 0.011 
 183   (0.019) 0.093 0.019 0.005 0.004 0.004 0.004 

Locus 4 : 
14 alleles
3.1% missing data
 140   (0.152) 0.040 0.152 0.208 0.132 0.171 0.326 
 142   (0.161) 0.047 0.162 0.177 0.284 0.162 0.106 
 138   (0.101) 0.379 0.100 0.113 0.075 0.086 0.066 
 152   (0.024) 0.006 0.023 0.043 0.008 0.016 0.013 
 146   (0.030) 0.007 0.030 0.011 0.020 0.028 0.006 
 132   (0.114) 0.106 0.114 0.113 0.052 0.223 0.194 
 134   (0.072) 0.316 0.071 0.105 0.044 0.042 0.034 
 130   (0.085) 0.023 0.085 0.075 0.109 0.049 0.159 
 136   (0.109) 0.034 0.109 0.090 0.129 0.116 0.051 
 128   (0.036) 0.010 0.036 0.019 0.047 0.012 0.015 
 150   (0.017) 0.005 0.018 0.004 0.004 0.003 0.004 
 144   (0.054) 0.014 0.054 0.028 0.087 0.080 0.016 
 148   (0.026) 0.007 0.027 0.008 0.006 0.008 0.005 
 160   (0.019) 0.005 0.019 0.005 0.004 0.005 0.004 

Locus 5 : 
9 alleles
7.2% missing data
 257   (0.261) 0.082 0.261 0.253 0.414 0.330 0.148 
 259   (0.424) 0.199 0.423 0.502 0.463 0.498 0.757 
 271   (0.077) 0.104 0.077 0.075 0.020 0.085 0.023 
 273   (0.050) 0.559 0.049 0.033 0.014 0.013 0.013 
 255   (0.046) 0.015 0.046 0.015 0.033 0.011 0.017 
 261   (0.064) 0.018 0.064 0.082 0.037 0.039 0.021 
 269   (0.029) 0.008 0.029 0.026 0.009 0.012 0.009 
 243   (0.029) 0.008 0.030 0.009 0.006 0.008 0.006 
 265   (0.020) 0.007 0.021 0.005 0.004 0.004 0.004 

Locus 6 : 
11 alleles
26.8% missing data
 155   (0.402) 0.180 0.403 0.461 0.524 0.567 0.339 
 170   (0.091) 0.043 0.092 0.097 0.041 0.068 0.058 
 173   (0.045) 0.019 0.045 0.028 0.019 0.045 0.025 
 164   (0.072) 0.033 0.072 0.079 0.021 0.120 0.041 
 158   (0.193) 0.361 0.192 0.209 0.310 0.142 0.186 
 149   (0.043) 0.022 0.043 0.018 0.021 0.011 0.017 
 188   (0.033) 0.014 0.033 0.037 0.027 0.008 0.214 
 161   (0.034) 0.285 0.034 0.010 0.009 0.008 0.010 
 152   (0.025) 0.010 0.025 0.008 0.006 0.006 0.007 
 143   (0.036) 0.020 0.036 0.019 0.010 0.011 0.088 
 200   (0.025) 0.011 0.024 0.034 0.010 0.013 0.015 

Locus 7 : 
18 alleles
5.2% missing data
 145   (0.079) 0.023 0.078 0.074 0.176 0.040 0.098 
 157   (0.042) 0.015 0.043 0.025 0.017 0.017 0.016 
 137   (0.063) 0.018 0.063 0.050 0.048 0.076 0.081 
 159   (0.071) 0.022 0.071 0.053 0.047 0.053 0.162 
 149   (0.113) 0.123 0.113 0.123 0.089 0.092 0.093 
 151   (0.115) 0.036 0.116 0.197 0.056 0.143 0.198 
 139   (0.046) 0.013 0.047 0.023 0.023 0.033 0.010 
 147   (0.123) 0.118 0.123 0.133 0.162 0.275 0.112 
 153   (0.063) 0.103 0.062 0.046 0.019 0.126 0.077 
 141   (0.078) 0.023 0.078 0.118 0.221 0.036 0.082 
 161   (0.058) 0.101 0.058 0.070 0.043 0.050 0.024 
 143   (0.020) 0.006 0.020 0.005 0.042 0.006 0.005 
 165   (0.043) 0.106 0.043 0.050 0.026 0.031 0.016 
 181   (0.017) 0.005 0.016 0.007 0.014 0.005 0.005 
 135   (0.016) 0.005 0.016 0.005 0.003 0.005 0.004 
 155   (0.017) 0.275 0.017 0.004 0.003 0.003 0.003 
 177   (0.019) 0.005 0.019 0.014 0.005 0.005 0.009 
 132   (0.015) 0.004 0.016 0.005 0.004 0.005 0.004 

Locus 8 : 
6 alleles
28.9% missing data
 132   (0.143) 0.067 0.143 0.181 0.089 0.133 0.185 
 138   (0.728) 0.604 0.729 0.760 0.783 0.824 0.739 
 135   (0.026) 0.011 0.026 0.009 0.025 0.007 0.007 
 141   (0.037) 0.017 0.037 0.023 0.036 0.012 0.050 
 144   (0.038) 0.016 0.038 0.018 0.060 0.018 0.014 
 129   (0.028) 0.285 0.027 0.009 0.007 0.006 0.006 

Locus 9 : 
14 alleles
14.4% missing data
 266   (0.039) 0.093 0.038 0.023 0.014 0.035 0.015 
 288   (0.042) 0.012 0.043 0.027 0.018 0.018 0.015 
 282   (0.191) 0.147 0.192 0.174 0.109 0.238 0.252 
 286   (0.113) 0.216 0.112 0.139 0.065 0.212 0.122 
 278   (0.148) 0.131 0.148 0.287 0.085 0.158 0.188 
 280   (0.164) 0.132 0.166 0.140 0.275 0.126 0.115 
 274   (0.062) 0.021 0.063 0.029 0.131 0.025 0.025 
 276   (0.036) 0.010 0.035 0.035 0.015 0.093 0.020 
 292   (0.019) 0.006 0.019 0.007 0.004 0.004 0.006 
 270   (0.047) 0.014 0.047 0.037 0.048 0.028 0.133 
 272   (0.033) 0.009 0.032 0.011 0.135 0.009 0.019 
 284   (0.067) 0.020 0.067 0.077 0.085 0.045 0.075 
 300   (0.020) 0.183 0.020 0.005 0.004 0.004 0.005 
 290   (0.019) 0.006 0.019 0.008 0.013 0.004 0.011 

Locus 10 : 
18 alleles
1.0% missing data
 146   (0.316) 0.100 0.317 0.484 0.539 0.489 0.415 
 172   (0.032) 0.010 0.032 0.020 0.011 0.030 0.010 
 166   (0.051) 0.202 0.051 0.031 0.013 0.034 0.038 
 160   (0.083) 0.024 0.083 0.100 0.078 0.054 0.027 
 186   (0.025) 0.186 0.025 0.007 0.005 0.005 0.005 
 158   (0.030) 0.008 0.030 0.017 0.010 0.026 0.014 
 170   (0.068) 0.019 0.068 0.075 0.028 0.071 0.052 
 148   (0.094) 0.027 0.094 0.095 0.179 0.087 0.086 
 178   (0.026) 0.011 0.026 0.009 0.006 0.016 0.006 
 168   (0.073) 0.020 0.073 0.074 0.030 0.102 0.196 
 164   (0.029) 0.008 0.029 0.021 0.045 0.007 0.029 
 180   (0.028) 0.008 0.028 0.010 0.015 0.007 0.008 
 174   (0.041) 0.100 0.041 0.021 0.012 0.019 0.050 
 184   (0.020) 0.176 0.019 0.005 0.004 0.004 0.003 
 162   (0.028) 0.008 0.028 0.009 0.013 0.008 0.005 
 194   (0.018) 0.083 0.018 0.004 0.003 0.004 0.003 
 154   (0.019) 0.005 0.019 0.007 0.004 0.030 0.006 
 144   (0.019) 0.006 0.019 0.010 0.005 0.006 0.044 

Locus 11 : 
9 alleles
1.0% missing data
 158   (0.753) 0.210 0.753 0.895 0.924 0.847 0.922 
 160   (0.068) 0.018 0.069 0.037 0.024 0.085 0.023 
 154   (0.036) 0.010 0.037 0.013 0.013 0.022 0.007 
 170   (0.028) 0.009 0.028 0.011 0.005 0.007 0.007 
 152   (0.032) 0.494 0.032 0.010 0.009 0.015 0.006 
 162   (0.019) 0.080 0.018 0.005 0.003 0.004 0.003 
 166   (0.021) 0.168 0.020 0.005 0.004 0.004 0.004 
 144   (0.021) 0.005 0.021 0.006 0.012 0.006 0.004 
 156   (0.022) 0.006 0.022 0.018 0.005 0.011 0.023 

Locus 12 : 
12 alleles
10.3% missing data
 218   (0.321) 0.098 0.321 0.348 0.472 0.375 0.572 
 212   (0.065) 0.018 0.065 0.060 0.018 0.085 0.065 
 222   (0.065) 0.019 0.065 0.101 0.042 0.078 0.033 
 214   (0.126) 0.036 0.126 0.092 0.195 0.121 0.063 
 220   (0.182) 0.052 0.182 0.212 0.144 0.175 0.167 
 216   (0.072) 0.020 0.072 0.119 0.028 0.116 0.046 
 210   (0.044) 0.013 0.044 0.032 0.052 0.020 0.023 
 202   (0.028) 0.371 0.028 0.007 0.006 0.005 0.006 
 224   (0.035) 0.009 0.035 0.012 0.031 0.012 0.011 
 200   (0.020) 0.177 0.020 0.005 0.004 0.004 0.004 
 206   (0.021) 0.178 0.021 0.005 0.004 0.004 0.005 
 194   (0.021) 0.008 0.021 0.005 0.004 0.004 0.005 

Values of parameters used in structure:
DATAFILE=bws17_structure.txt,	OUTFILE=bws17_structurek6_3_results,	NUMINDS=97,	NUMLOCI=12,	MISSING=-9,	LABEL=1,	POPDATA=1,	POPFLAG=0,	PHENOTYPE=0,	EXTRACOLS=0,	MAXPOPS=6,	BURNIN=10000,	NUMREPS=20000,	USEPOPINFO=0,	INFERALPHA=1,	INFERLAMBDA=0,	POPSPECIFICLAMBDA=0,	POPALPHAS=0,	COMPUTEPROB=1,	NOADMIX=0,	ADMBURNIN=500,	UPDATEFREQ=100,	PRINTLIKES=0,	INTERMEDSAVE=0,	PRINTKLD=0,	PRINTNET=1,	PRINTLAMBDA=1,	ANCESTDIST=0,	NUMBOXES=1000,	ANCESTPINT=0.90000,	GENSBACK=2,	MIGRPRIOR=0.01000,	PRINTQHAT=0,	PRINTQSUM=1,	ALPHA=1.0000,	FREQSCORR=1,	FPRIORMEAN=0.0100,	FPRIORSD=0.0500,	ONEFST=0,	LAMBDA=1.0000,	UNIFPRIORALPHA=1,	ALPHAMAX=10.0000,	ALPHAPRIORA=1.0000,	ALPHAPRIORB=2.0000,	ALPHAPROPSD=0.0250,	STARTATPOPINFO=0,	RANDOMIZE=1,	LINKAGE=0,	METROFREQ=10,	REPORTHITRATE=0,	MARKOVPHASE=0,	PHASED=0,	PLOIDY=2,	PHASEINFO=0	LOCPRIOR=0, 	LOCPRIORINIT=1.000000, 	LOCDATA=0, 	LOCISPOP=1, 	LOCPRIORSTEP=0.100000, 	MAXLOCPRIOR=20.000000, 	SEED=1680097614,	
[STRAT parameters]:    NUMSIMSTATS=1000,	PHENOTYPECOL=-9,	POOLFREQ=10,	LOCUSxONLY=0,	EMERROR=0.00100,	MISSINGPHENO=-9,	