

----------------------------------------------------
STRUCTURE by Pritchard, Stephens and Donnelly (2000)
     and Falush, Stephens and Pritchard (2003)
       Code by Pritchard, Falush and Hubisz
             Version 2.3.4 (Jul 2012)
----------------------------------------------------



Command line arguments:   ./structure -m mainparams_bws18_k9 
Input File:    bws18_structure.txt

Run parameters:
   136 individuals
   13 loci
   9 populations assumed
   10000 Burn-in period
   20000 Reps


--------------------------------------------
Proportion of membership of each pre-defined
 population in each of the 9 clusters

Given    Inferred Clusters                                                 Number of
 Pop       1      2      3      4      5      6      7      8      9      Individuals

 17:     0.157  0.160  0.045  0.005  0.158  0.194  0.014  0.151  0.115       18
 22:     0.078  0.114  0.134  0.089  0.072  0.146  0.038  0.155  0.175       11
 29:     0.173  0.157  0.023  0.018  0.107  0.177  0.044  0.102  0.200       13
 62:     0.178  0.124  0.070  0.020  0.082  0.104  0.037  0.184  0.202       20
122:     0.111  0.059  0.037  0.194  0.107  0.054  0.013  0.340  0.085       14
193:     0.117  0.068  0.165  0.055  0.069  0.118  0.122  0.118  0.167       14
205:     0.182  0.053  0.130  0.053  0.079  0.053  0.009  0.145  0.296       19
286:     0.029  0.194  0.208  0.156  0.053  0.072  0.171  0.024  0.093       13
328:     0.134  0.254  0.057  0.015  0.117  0.051  0.079  0.177  0.114       14
--------------------------------------------

Allele-freq. divergence among pops (Net nucleotide distance),
computed using point estimates of P.

      1       2       3       4       5       6       7       8       9      
 1      -    0.0219  0.1960  0.1903  0.0169  0.0789  0.1507  0.0208  0.0228  
 2   0.0219     -    0.1990  0.1895  0.0208  0.0842  0.1539  0.0311  0.0279  
 3   0.1960  0.1990     -    0.1340  0.1622  0.1124  0.1480  0.1986  0.2021  
 4   0.1903  0.1895  0.1340     -    0.1634  0.1788  0.1432  0.1866  0.1871  
 5   0.0169  0.0208  0.1622  0.1634     -    0.0587  0.1157  0.0189  0.0203  
 6   0.0789  0.0842  0.1124  0.1788  0.0587     -    0.1241  0.0896  0.0848  
 7   0.1507  0.1539  0.1480  0.1432  0.1157  0.1241     -    0.1474  0.1493  
 8   0.0208  0.0311  0.1986  0.1866  0.0189  0.0896  0.1474     -    0.0202  
 9   0.0228  0.0279  0.2021  0.1871  0.0203  0.0848  0.1493  0.0202     -    

Average distances (expected heterozygosity) between individuals in same cluster:
cluster  1  : 0.6698 
cluster  2  : 0.6770 
cluster  3  : 0.4365 
cluster  4  : 0.5121 
cluster  5  : 0.7594 
cluster  6  : 0.6236 
cluster  7  : 0.6383 
cluster  8  : 0.6949 
cluster  9  : 0.6801 

--------------------------------------------
Estimated Ln Prob of Data   = -5722.3
Mean value of ln likelihood = -5179.8
Variance of ln likelihood   = 1085.1
Mean value of alpha         = 0.0459

Mean value of Fst_1         = 0.1042
Mean value of Fst_2         = 0.0948
Mean value of Fst_3         = 0.4290
Mean value of Fst_4         = 0.4364
Mean value of Fst_5         = 0.0672
Mean value of Fst_6         = 0.1893
Mean value of Fst_7         = 0.3283
Mean value of Fst_8         = 0.0747
Mean value of Fst_9         = 0.0800


Inferred ancestry of individuals:
        Label (%Miss) Pop:  Inferred clusters
  1    0079C    (0)   17 :  0.030 0.008 0.005 0.003 0.019 0.006 0.006 0.897 0.027 
  2    0079D    (0)   17 :  0.263 0.071 0.004 0.005 0.043 0.014 0.005 0.342 0.253 
  3    0079E    (0)   17 :  0.079 0.028 0.099 0.004 0.254 0.499 0.008 0.009 0.021 
  4    0079G    (0)   17 :  0.082 0.315 0.008 0.003 0.033 0.009 0.012 0.287 0.252 
  5    0082A    (0)   17 :  0.101 0.456 0.005 0.003 0.294 0.018 0.005 0.099 0.020 
  6    0082B    (0)   17 :  0.015 0.913 0.005 0.005 0.012 0.007 0.014 0.018 0.011 
  7    0082C    (0)   17 :  0.013 0.095 0.476 0.011 0.058 0.051 0.009 0.022 0.265 
  8    0082D    (0)   17 :  0.014 0.011 0.006 0.004 0.056 0.881 0.008 0.008 0.011 
  9    0121B    (0)   22 :  0.027 0.119 0.571 0.018 0.099 0.084 0.017 0.025 0.040 
 10    0121C    (0)   22 :  0.028 0.009 0.005 0.004 0.017 0.005 0.004 0.035 0.894 
 11    0147A    (0)   29 :  0.010 0.004 0.040 0.157 0.043 0.731 0.004 0.006 0.005 
 12    0147B    (0)   29 :  0.045 0.018 0.022 0.013 0.074 0.044 0.040 0.029 0.715 
 13    0147D    (0)   29 :  0.015 0.008 0.105 0.013 0.015 0.751 0.073 0.008 0.011 
 14    0167A    (0)   17 :  0.370 0.056 0.003 0.004 0.103 0.012 0.007 0.274 0.170 
 15    0167B    (0)   17 :  0.516 0.080 0.005 0.003 0.317 0.036 0.005 0.018 0.020 
 16    0167C    (0)   17 :  0.063 0.551 0.005 0.004 0.228 0.009 0.004 0.021 0.116 
 17    0309A    (0)   62 :  0.191 0.536 0.003 0.004 0.022 0.023 0.004 0.127 0.089 
 18    0309C    (0)   62 :  0.035 0.012 0.004 0.004 0.013 0.009 0.005 0.805 0.113 
 19    0309D    (0)   62 :  0.012 0.047 0.109 0.201 0.012 0.536 0.068 0.005 0.011 
 20    0309E    (0)   62 :  0.009 0.041 0.009 0.006 0.041 0.851 0.007 0.021 0.015 
 21    0625A    (0)   122 :  0.684 0.043 0.019 0.005 0.106 0.066 0.015 0.018 0.044 
 22    0625B    (0)   122 :  0.530 0.061 0.004 0.003 0.122 0.021 0.004 0.172 0.082 
 23    0625C    (0)   122 :  0.026 0.021 0.004 0.004 0.016 0.004 0.004 0.910 0.011 
 24    0625D    (0)   122 :  0.025 0.015 0.004 0.003 0.009 0.007 0.006 0.889 0.043 
 25    1029C    (0)   193 :  0.019 0.011 0.134 0.019 0.019 0.559 0.016 0.014 0.210 
 26    1029D    (0)   193 :  0.034 0.010 0.303 0.006 0.040 0.523 0.045 0.010 0.029 
 27    1029G    (0)   193 :  0.018 0.014 0.898 0.009 0.013 0.010 0.023 0.006 0.010 
 28    1187B    (0)   29 :  0.091 0.305 0.003 0.004 0.018 0.010 0.009 0.308 0.251 
 29    1187C    (0)   29 :  0.125 0.030 0.004 0.003 0.025 0.111 0.009 0.032 0.661 
 30    1187D    (0)   29 :  0.047 0.092 0.020 0.003 0.098 0.558 0.014 0.135 0.032 
 31    1187E    (0)   29 :  0.069 0.753 0.005 0.005 0.062 0.004 0.003 0.051 0.047 
 32    1314A    (0)   193 :  0.080 0.136 0.491 0.005 0.040 0.016 0.008 0.156 0.067 
 33    1314B    (0)   193 :  0.347 0.028 0.034 0.043 0.423 0.008 0.014 0.051 0.053 
 34    1314C    (0)   193 :  0.601 0.066 0.005 0.003 0.051 0.010 0.006 0.053 0.204 
 35    1314D    (0)   193 :  0.104 0.044 0.005 0.003 0.023 0.007 0.007 0.050 0.757 
 36    1314E    (0)   193 :  0.155 0.337 0.158 0.039 0.061 0.012 0.009 0.199 0.029 
 37    1319A    (0)   62 :  0.472 0.320 0.006 0.003 0.031 0.014 0.004 0.085 0.065 
 38    1319B    (0)   62 :  0.760 0.020 0.049 0.003 0.050 0.043 0.004 0.040 0.030 
 39    1600A    (0)   29 :  0.848 0.031 0.003 0.006 0.046 0.007 0.005 0.025 0.028 
 40    1600B    (0)   29 :  0.499 0.047 0.005 0.004 0.104 0.006 0.005 0.169 0.161 
 41    1600C    (0)   29 :  0.016 0.036 0.053 0.012 0.046 0.025 0.006 0.246 0.560 
 42    1630A    (0)   193 :  0.016 0.074 0.043 0.012 0.050 0.066 0.080 0.086 0.573 
 43    1630B    (0)   193 :  0.066 0.049 0.019 0.074 0.048 0.080 0.206 0.246 0.213 
 44    1630C    (0)   193 :  0.017 0.013 0.032 0.531 0.017 0.327 0.038 0.007 0.019 
 45    1711A    (0)   286 :  0.019 0.851 0.041 0.015 0.008 0.020 0.017 0.010 0.020 
 46    1711B    (0)   286 :  0.023 0.899 0.004 0.004 0.011 0.005 0.005 0.019 0.032 
 47    1711C    (0)   286 :  0.006 0.003 0.956 0.006 0.006 0.006 0.005 0.006 0.004 
 48    1711D    (0)   286 :  0.144 0.089 0.009 0.095 0.157 0.016 0.360 0.029 0.102 
 49    1711E    (0)   286 :  0.006 0.008 0.010 0.040 0.006 0.841 0.076 0.006 0.006 
 50    1715B    (0)   205 :  0.048 0.032 0.005 0.003 0.044 0.007 0.005 0.035 0.821 
 51    1715C    (0)   205 :  0.016 0.160 0.006 0.004 0.420 0.012 0.007 0.063 0.313 
 52    1715D    (0)   205 :  0.869 0.009 0.005 0.003 0.034 0.005 0.006 0.046 0.024 
 53    1715E    (0)   205 :  0.229 0.012 0.009 0.004 0.169 0.007 0.008 0.204 0.358 
 54    1726A    (0)   205 :  0.015 0.041 0.006 0.006 0.025 0.008 0.006 0.014 0.880 
 55    1726B    (0)   205 :  0.098 0.055 0.299 0.011 0.050 0.326 0.029 0.103 0.029 
 56    1783A    (0)   205 :  0.003 0.004 0.270 0.698 0.004 0.005 0.005 0.004 0.005 
 57    1783B    (0)   205 :  0.047 0.165 0.004 0.004 0.016 0.031 0.011 0.021 0.701 
 58    1783C    (0)   205 :  0.048 0.069 0.006 0.006 0.054 0.013 0.004 0.100 0.700 
 59    1783D    (0)   205 :  0.010 0.008 0.004 0.005 0.015 0.006 0.004 0.024 0.924 
 60    1783E    (0)   205 :  0.012 0.014 0.005 0.003 0.025 0.004 0.005 0.908 0.025 
 61    2008C    (0)   62 :  0.064 0.050 0.003 0.003 0.059 0.014 0.005 0.052 0.750 
 62    2008D    (0)   62 :  0.578 0.023 0.005 0.004 0.127 0.012 0.004 0.095 0.152 
 63    2008E    (0)   62 :  0.226 0.143 0.020 0.021 0.132 0.025 0.011 0.190 0.232 
 64    2008F    (0)   62 :  0.037 0.035 0.738 0.048 0.023 0.063 0.021 0.017 0.017 
 65    2008G    (0)   62 :  0.297 0.095 0.011 0.015 0.061 0.205 0.054 0.152 0.109 
 66    2008H    (0)   62 :  0.076 0.059 0.007 0.003 0.056 0.008 0.005 0.708 0.078 
 67    2033A    (0)   328 :  0.085 0.071 0.007 0.124 0.457 0.006 0.081 0.086 0.082 
 68    2159A    (0)   328 :  0.208 0.247 0.005 0.004 0.079 0.035 0.005 0.384 0.033 
 69    2159B    (0)   328 :  0.036 0.020 0.004 0.003 0.020 0.005 0.005 0.828 0.079 
 70    2159C    (0)   328 :  0.497 0.027 0.003 0.007 0.019 0.010 0.009 0.330 0.098 
 71    2159E    (0)   328 :  0.031 0.082 0.004 0.003 0.054 0.008 0.003 0.068 0.747 
 72    2341B    (0)   62 :  0.300 0.425 0.013 0.005 0.094 0.110 0.009 0.036 0.008 
 73    2341C    (0)   62 :  0.058 0.013 0.005 0.003 0.209 0.008 0.008 0.060 0.637 
 74    2351A    (0)   62 :  0.142 0.257 0.003 0.004 0.293 0.023 0.004 0.235 0.039 
 75    2366A    (0)   122 :  0.008 0.031 0.141 0.769 0.011 0.007 0.006 0.014 0.013 
 76    2366B    (0)   122 :  0.004 0.005 0.192 0.776 0.004 0.004 0.006 0.004 0.005 
 77    2366C    (0)   122 :  0.013 0.014 0.004 0.005 0.092 0.008 0.019 0.735 0.111 
 78    2366D    (0)   122 :  0.012 0.023 0.004 0.004 0.030 0.005 0.005 0.908 0.010 
 79    2409A    (0)   122 :  0.062 0.482 0.081 0.022 0.082 0.205 0.036 0.010 0.020 
 80    2423C    (0)   205 :  0.546 0.036 0.005 0.006 0.045 0.008 0.015 0.248 0.091 
 81    2423D    (0)   205 :  0.745 0.022 0.006 0.007 0.060 0.070 0.004 0.054 0.032 
 82    2423E    (0)   205 :  0.041 0.022 0.193 0.035 0.268 0.367 0.018 0.048 0.009 
 83    2856A    (0)   22 :  0.008 0.185 0.099 0.058 0.055 0.175 0.178 0.026 0.215 
 84    2856B    (0)   22 :  0.019 0.018 0.013 0.016 0.089 0.024 0.008 0.690 0.122 
 85    2856C    (0)   22 :  0.042 0.757 0.020 0.010 0.037 0.049 0.015 0.033 0.037 
 86    2856E    (0)   22 :  0.259 0.049 0.073 0.008 0.164 0.412 0.007 0.013 0.014 
 87    3026A    (0)   17 :  0.059 0.020 0.010 0.003 0.268 0.011 0.005 0.012 0.612 
 88    3026B    (0)   17 :  0.310 0.048 0.021 0.003 0.241 0.309 0.005 0.041 0.021 
 89    3253A    (0)   205 :  0.107 0.036 0.003 0.011 0.016 0.009 0.004 0.731 0.082 
 90    3280A    (0)   328 :  0.389 0.370 0.004 0.004 0.115 0.021 0.008 0.032 0.057 
 91    3280B    (0)   328 :  0.395 0.090 0.004 0.004 0.123 0.006 0.006 0.348 0.024 
 92    3760C    (0)   122 :  0.025 0.004 0.011 0.299 0.644 0.003 0.004 0.006 0.004 
 93    4249A    (0)   193 :  0.046 0.067 0.006 0.003 0.128 0.006 0.004 0.644 0.096 
 94    4316A    (0)   17 :  0.035 0.031 0.004 0.003 0.138 0.408 0.006 0.332 0.044 
 95    4316B    (0)   17 :  0.390 0.061 0.004 0.003 0.109 0.006 0.015 0.268 0.144 
 96    4316C    (0)   17 :  0.203 0.047 0.132 0.018 0.315 0.064 0.133 0.048 0.040 
 97    4316D    (0)   17 :  0.020 0.062 0.005 0.004 0.051 0.812 0.005 0.008 0.033 
 98    4316E    (0)   17 :  0.272 0.019 0.014 0.003 0.309 0.345 0.008 0.019 0.010 
 99    5597A    (0)   22 :  0.040 0.009 0.015 0.010 0.029 0.766 0.087 0.031 0.013 
100    5597B    (0)   22 :  0.107 0.042 0.005 0.004 0.076 0.039 0.004 0.446 0.278 
101    5597C    (0)   22 :  0.248 0.032 0.003 0.003 0.186 0.014 0.010 0.371 0.132 
102    5597D    (0)   22 :  0.073 0.025 0.541 0.020 0.037 0.030 0.073 0.029 0.171 
103    5637A    (0)   205 :  0.550 0.205 0.015 0.003 0.158 0.009 0.004 0.021 0.035 
104    5637C    (0)   205 :  0.021 0.033 0.026 0.185 0.048 0.009 0.011 0.099 0.568 
105    5637D    (0)   205 :  0.039 0.027 0.836 0.006 0.022 0.027 0.013 0.010 0.020 
106    5637E    (0)   205 :  0.014 0.054 0.768 0.008 0.024 0.095 0.007 0.026 0.006 
107    5912A    (0)   286 :  0.063 0.430 0.004 0.004 0.271 0.010 0.017 0.103 0.098 
108    5912B    (0)   286 :  0.048 0.023 0.004 0.004 0.020 0.007 0.007 0.042 0.846 
109    5912C    (0)   286 :  0.025 0.200 0.004 0.437 0.189 0.004 0.006 0.067 0.067 
110    5912D    (0)   286 :  0.022 0.007 0.672 0.233 0.013 0.006 0.010 0.017 0.019 
111    5954B    (0)   286 :  0.004 0.004 0.004 0.968 0.004 0.003 0.007 0.004 0.003 
112    5954C    (0)   286 :  0.003 0.003 0.968 0.008 0.003 0.005 0.003 0.003 0.003 
113    5954D    (0)   286 :  0.003 0.003 0.008 0.095 0.003 0.013 0.867 0.003 0.004 
114    5954E    (0)   286 :  0.003 0.003 0.014 0.119 0.004 0.004 0.847 0.004 0.003 
115    6136A    (0)   29 :  0.157 0.671 0.014 0.003 0.048 0.007 0.014 0.047 0.038 
116    6136B    (0)   29 :  0.243 0.036 0.011 0.006 0.639 0.041 0.004 0.012 0.009 
117    6136C    (0)   29 :  0.087 0.006 0.008 0.008 0.167 0.011 0.383 0.253 0.076 
118    6337A    (0)   328 :  0.015 0.719 0.031 0.014 0.051 0.088 0.012 0.041 0.029 
119    6337B    (0)   328 :  0.050 0.771 0.004 0.003 0.018 0.017 0.005 0.024 0.108 
120    6337C    (0)   328 :  0.021 0.866 0.006 0.004 0.021 0.010 0.007 0.025 0.040 
121    6337D    (0)   328 :  0.029 0.019 0.477 0.005 0.066 0.043 0.009 0.160 0.192 
122    6337E    (0)   328 :  0.077 0.130 0.031 0.010 0.567 0.066 0.018 0.047 0.054 
123    6382C    (0)   122 :  0.053 0.076 0.004 0.004 0.023 0.009 0.006 0.100 0.724 
124    6382E    (0)   122 :  0.023 0.012 0.005 0.005 0.016 0.006 0.008 0.910 0.016 
125    6382F    (0)   122 :  0.029 0.006 0.023 0.802 0.024 0.023 0.030 0.057 0.006 
126    6382G    (0)   122 :  0.063 0.034 0.028 0.010 0.325 0.385 0.027 0.022 0.106 
127    6514C    (0)   62 :  0.028 0.265 0.005 0.004 0.085 0.013 0.026 0.013 0.561 
128    6514E    (0)   62 :  0.062 0.079 0.007 0.006 0.048 0.008 0.010 0.056 0.725 
129    6514F    (0)   62 :  0.037 0.020 0.005 0.004 0.022 0.007 0.004 0.864 0.036 
130    6514G    (0)   62 :  0.006 0.011 0.154 0.045 0.021 0.005 0.392 0.017 0.348 
131    6514H    (0)   62 :  0.170 0.030 0.235 0.007 0.242 0.107 0.085 0.110 0.015 
132    6546B    (0)   328 :  0.034 0.113 0.004 0.004 0.019 0.013 0.724 0.084 0.006 
133    6546C    (0)   328 :  0.014 0.035 0.218 0.022 0.029 0.390 0.218 0.022 0.052 
134    6706A    (0)   193 :  0.118 0.073 0.061 0.011 0.043 0.016 0.559 0.069 0.050 
135    6706B    (0)   193 :  0.023 0.029 0.123 0.017 0.015 0.014 0.694 0.063 0.021 
136    6723B    (0)   22 :  0.004 0.004 0.132 0.825 0.004 0.005 0.017 0.004 0.005 


Estimated Allele Frequencies in each cluster
First column gives estimated ancestral frequencies


Locus 1 : 
9 alleles
0.0% missing data
 148   (0.645) 0.740 0.680 0.606 0.420 0.658 0.868 0.728 0.717 0.726 
 146   (0.138) 0.078 0.226 0.247 0.016 0.122 0.050 0.075 0.123 0.179 
 147   (0.095) 0.135 0.060 0.137 0.013 0.076 0.023 0.053 0.127 0.047 
   0   (0.023) 0.005 0.005 0.002 0.514 0.011 0.021 0.004 0.005 0.005 
 142   (0.027) 0.008 0.010 0.002 0.002 0.038 0.010 0.004 0.007 0.024 
 137   (0.018) 0.016 0.004 0.001 0.002 0.010 0.003 0.003 0.006 0.007 
 161   (0.021) 0.006 0.005 0.003 0.017 0.063 0.012 0.004 0.006 0.005 
 172   (0.020) 0.010 0.005 0.001 0.001 0.017 0.011 0.003 0.005 0.004 
 151   (0.015) 0.003 0.003 0.001 0.015 0.006 0.002 0.126 0.003 0.003 

Locus 2 : 
17 alleles
0.0% missing data
 197   (0.248) 0.402 0.294 0.290 0.024 0.254 0.464 0.071 0.431 0.238 
 205   (0.098) 0.139 0.088 0.109 0.009 0.083 0.038 0.210 0.081 0.151 
 199   (0.064) 0.023 0.068 0.007 0.006 0.042 0.104 0.414 0.027 0.092 
 201   (0.166) 0.125 0.121 0.428 0.018 0.220 0.086 0.203 0.214 0.129 
 203   (0.058) 0.068 0.121 0.056 0.005 0.101 0.043 0.010 0.058 0.017 
 213   (0.046) 0.038 0.091 0.003 0.005 0.040 0.008 0.011 0.038 0.032 
 227   (0.041) 0.021 0.022 0.011 0.005 0.046 0.092 0.014 0.022 0.020 
 221   (0.026) 0.007 0.008 0.005 0.003 0.015 0.005 0.004 0.029 0.061 
 211   (0.060) 0.097 0.021 0.009 0.005 0.052 0.102 0.012 0.036 0.078 
 215   (0.026) 0.009 0.070 0.002 0.002 0.018 0.004 0.004 0.011 0.012 
   0   (0.021) 0.004 0.005 0.010 0.776 0.009 0.013 0.005 0.005 0.005 
 217   (0.033) 0.021 0.056 0.003 0.003 0.016 0.021 0.005 0.009 0.048 
 191   (0.032) 0.013 0.013 0.025 0.004 0.025 0.006 0.019 0.009 0.055 
 193   (0.033) 0.008 0.010 0.038 0.125 0.027 0.005 0.005 0.010 0.051 
 219   (0.014) 0.011 0.006 0.001 0.001 0.009 0.002 0.002 0.010 0.003 
 241   (0.016) 0.004 0.004 0.001 0.007 0.027 0.002 0.002 0.004 0.003 
 207   (0.019) 0.009 0.006 0.003 0.002 0.017 0.004 0.007 0.006 0.005 

Locus 3 : 
10 alleles
0.0% missing data
 201   (0.250) 0.238 0.182 0.038 0.025 0.230 0.319 0.094 0.336 0.435 
 207   (0.307) 0.389 0.188 0.298 0.033 0.315 0.205 0.255 0.390 0.376 
 204   (0.192) 0.210 0.436 0.036 0.019 0.299 0.254 0.198 0.120 0.096 
   0   (0.044) 0.009 0.011 0.568 0.785 0.030 0.008 0.338 0.010 0.010 
 210   (0.108) 0.132 0.118 0.047 0.011 0.082 0.099 0.078 0.096 0.056 
 219   (0.023) 0.005 0.008 0.008 0.014 0.010 0.043 0.011 0.006 0.005 
 198   (0.022) 0.006 0.011 0.001 0.002 0.010 0.003 0.004 0.029 0.009 
 213   (0.019) 0.004 0.005 0.001 0.003 0.008 0.057 0.016 0.004 0.004 
 216   (0.017) 0.003 0.004 0.001 0.106 0.007 0.002 0.003 0.004 0.004 
 189   (0.018) 0.004 0.039 0.001 0.002 0.010 0.009 0.003 0.005 0.004 

Locus 4 : 
13 alleles
0.0% missing data
 138   (0.107) 0.239 0.054 0.011 0.028 0.172 0.186 0.027 0.081 0.098 
 140   (0.166) 0.112 0.338 0.048 0.035 0.229 0.166 0.033 0.275 0.153 
 132   (0.160) 0.127 0.142 0.135 0.352 0.143 0.067 0.130 0.189 0.174 
 154   (0.015) 0.005 0.011 0.001 0.001 0.007 0.002 0.003 0.009 0.008 
 142   (0.132) 0.197 0.199 0.114 0.030 0.113 0.199 0.087 0.066 0.103 
 134   (0.047) 0.025 0.045 0.005 0.092 0.022 0.023 0.420 0.025 0.029 
 128   (0.033) 0.011 0.022 0.209 0.003 0.022 0.006 0.006 0.010 0.024 
   0   (0.081) 0.027 0.055 0.450 0.433 0.073 0.221 0.093 0.052 0.039 
 136   (0.102) 0.073 0.056 0.010 0.011 0.084 0.100 0.067 0.104 0.244 
 144   (0.050) 0.103 0.021 0.003 0.004 0.063 0.014 0.074 0.074 0.020 
 146   (0.029) 0.015 0.029 0.002 0.003 0.014 0.004 0.006 0.029 0.009 
 152   (0.029) 0.011 0.011 0.002 0.003 0.014 0.004 0.031 0.045 0.021 
 130   (0.049) 0.055 0.018 0.008 0.006 0.045 0.008 0.025 0.042 0.079 

Locus 5 : 
10 alleles
0.0% missing data
 257   (0.363) 0.527 0.449 0.065 0.476 0.263 0.111 0.247 0.528 0.442 
 271   (0.059) 0.037 0.041 0.004 0.006 0.034 0.009 0.105 0.068 0.035 
 259   (0.324) 0.303 0.337 0.123 0.086 0.343 0.337 0.298 0.302 0.402 
   0   (0.068) 0.018 0.045 0.797 0.375 0.074 0.179 0.305 0.019 0.018 
 261   (0.055) 0.066 0.029 0.004 0.009 0.082 0.279 0.010 0.025 0.016 
 263   (0.018) 0.004 0.004 0.001 0.003 0.009 0.058 0.003 0.004 0.004 
 269   (0.026) 0.008 0.044 0.001 0.025 0.038 0.004 0.004 0.010 0.012 
 273   (0.053) 0.031 0.022 0.003 0.017 0.141 0.019 0.021 0.020 0.064 
 265   (0.017) 0.004 0.005 0.001 0.002 0.008 0.002 0.003 0.020 0.004 
 267   (0.017) 0.004 0.024 0.001 0.002 0.007 0.003 0.003 0.005 0.004 

Locus 6 : 
16 alleles
0.0% missing data
 147   (0.156) 0.147 0.165 0.641 0.021 0.158 0.105 0.106 0.293 0.135 
 141   (0.105) 0.149 0.170 0.033 0.018 0.096 0.305 0.108 0.073 0.120 
 149   (0.096) 0.055 0.150 0.067 0.147 0.090 0.128 0.019 0.041 0.175 
 159   (0.061) 0.119 0.077 0.011 0.008 0.108 0.111 0.013 0.028 0.031 
 137   (0.083) 0.212 0.152 0.062 0.007 0.100 0.029 0.015 0.047 0.058 
 139   (0.036) 0.009 0.034 0.002 0.003 0.020 0.009 0.038 0.077 0.009 
 161   (0.063) 0.027 0.020 0.006 0.011 0.049 0.134 0.156 0.044 0.093 
 151   (0.067) 0.052 0.029 0.018 0.026 0.057 0.031 0.102 0.038 0.200 
 153   (0.077) 0.031 0.060 0.029 0.170 0.074 0.040 0.017 0.121 0.065 
 165   (0.053) 0.028 0.039 0.010 0.005 0.042 0.061 0.139 0.042 0.029 
 145   (0.063) 0.075 0.020 0.081 0.007 0.071 0.010 0.019 0.107 0.038 
 135   (0.013) 0.003 0.004 0.030 0.002 0.007 0.002 0.004 0.003 0.003 
 157   (0.043) 0.037 0.051 0.005 0.004 0.037 0.021 0.008 0.042 0.016 
   0   (0.030) 0.008 0.009 0.002 0.302 0.038 0.004 0.246 0.008 0.007 
 143   (0.030) 0.037 0.008 0.003 0.264 0.014 0.005 0.005 0.027 0.014 
 155   (0.026) 0.008 0.011 0.001 0.008 0.041 0.004 0.004 0.010 0.006 

Locus 7 : 
5 alleles
0.0% missing data
 138   (0.719) 0.801 0.865 0.893 0.695 0.712 0.769 0.593 0.762 0.776 
 144   (0.078) 0.103 0.022 0.009 0.008 0.058 0.096 0.197 0.037 0.060 
 132   (0.155) 0.070 0.101 0.093 0.193 0.119 0.128 0.194 0.187 0.150 
   0   (0.029) 0.022 0.008 0.002 0.058 0.103 0.004 0.011 0.009 0.009 
 135   (0.019) 0.004 0.004 0.004 0.047 0.008 0.003 0.004 0.005 0.004 

Locus 8 : 
13 alleles
0.0% missing data
 276   (0.051) 0.026 0.016 0.004 0.004 0.043 0.016 0.039 0.090 0.078 
 286   (0.124) 0.214 0.158 0.012 0.010 0.128 0.037 0.097 0.141 0.067 
 278   (0.199) 0.127 0.156 0.041 0.040 0.217 0.203 0.107 0.219 0.390 
 270   (0.024) 0.034 0.009 0.003 0.002 0.040 0.037 0.004 0.007 0.007 
 280   (0.201) 0.302 0.370 0.056 0.019 0.229 0.183 0.121 0.106 0.223 
 266   (0.040) 0.029 0.120 0.002 0.003 0.021 0.027 0.006 0.012 0.025 
   0   (0.083) 0.037 0.029 0.851 0.853 0.107 0.094 0.517 0.028 0.041 
 282   (0.134) 0.179 0.094 0.014 0.033 0.112 0.149 0.052 0.238 0.075 
 274   (0.026) 0.008 0.009 0.002 0.002 0.028 0.005 0.006 0.007 0.039 
 290   (0.030) 0.007 0.010 0.002 0.002 0.013 0.174 0.008 0.007 0.017 
 284   (0.031) 0.014 0.009 0.002 0.027 0.016 0.009 0.010 0.066 0.010 
 288   (0.039) 0.020 0.016 0.010 0.003 0.033 0.061 0.029 0.056 0.014 
 272   (0.019) 0.005 0.005 0.001 0.002 0.013 0.003 0.003 0.022 0.015 

Locus 9 : 
16 alleles
0.0% missing data
 146   (0.371) 0.518 0.486 0.494 0.495 0.405 0.458 0.283 0.419 0.514 
 178   (0.028) 0.008 0.015 0.002 0.008 0.043 0.004 0.004 0.059 0.007 
 170   (0.058) 0.048 0.020 0.004 0.089 0.069 0.048 0.017 0.061 0.019 
 166   (0.074) 0.102 0.052 0.024 0.020 0.076 0.024 0.014 0.033 0.103 
 172   (0.041) 0.019 0.013 0.003 0.006 0.035 0.131 0.006 0.023 0.105 
 168   (0.080) 0.109 0.105 0.068 0.010 0.063 0.159 0.018 0.068 0.048 
 162   (0.015) 0.007 0.015 0.001 0.003 0.027 0.003 0.004 0.007 0.005 
 148   (0.081) 0.085 0.058 0.327 0.098 0.059 0.024 0.066 0.031 0.079 
 160   (0.064) 0.038 0.119 0.010 0.013 0.067 0.030 0.017 0.156 0.031 
 174   (0.032) 0.014 0.009 0.002 0.003 0.024 0.011 0.005 0.071 0.012 
 158   (0.047) 0.022 0.014 0.026 0.004 0.042 0.042 0.011 0.039 0.023 
   0   (0.024) 0.005 0.006 0.001 0.120 0.011 0.035 0.453 0.007 0.006 
 154   (0.044) 0.011 0.055 0.035 0.121 0.033 0.026 0.008 0.013 0.033 
 164   (0.009) 0.002 0.005 0.000 0.001 0.013 0.002 0.001 0.003 0.007 
 180   (0.015) 0.004 0.003 0.001 0.008 0.026 0.002 0.002 0.004 0.003 
 142   (0.018) 0.008 0.025 0.001 0.002 0.009 0.003 0.090 0.007 0.004 

Locus 10 : 
8 alleles
0.0% missing data
 158   (0.739) 0.862 0.869 0.905 0.865 0.693 0.784 0.204 0.778 0.893 
 160   (0.132) 0.097 0.097 0.037 0.019 0.150 0.139 0.019 0.184 0.062 
 154   (0.026) 0.007 0.007 0.002 0.002 0.019 0.053 0.004 0.007 0.016 
 156   (0.022) 0.005 0.005 0.041 0.096 0.009 0.003 0.003 0.006 0.005 
 152   (0.023) 0.015 0.006 0.002 0.011 0.091 0.004 0.003 0.006 0.005 
   0   (0.021) 0.005 0.005 0.002 0.004 0.009 0.003 0.762 0.006 0.005 
 144   (0.017) 0.004 0.005 0.010 0.002 0.009 0.004 0.003 0.008 0.008 
 162   (0.019) 0.005 0.005 0.001 0.002 0.017 0.011 0.003 0.005 0.006 

Locus 11 : 
15 alleles
0.0% missing data
 214   (0.117) 0.141 0.048 0.010 0.023 0.126 0.046 0.130 0.244 0.067 
 220   (0.141) 0.125 0.127 0.011 0.013 0.103 0.045 0.019 0.219 0.167 
 210   (0.068) 0.042 0.080 0.005 0.007 0.040 0.021 0.017 0.160 0.094 
 218   (0.257) 0.433 0.482 0.022 0.022 0.253 0.143 0.036 0.183 0.319 
 192   (0.015) 0.005 0.004 0.002 0.001 0.014 0.017 0.002 0.004 0.004 
 194   (0.020) 0.006 0.005 0.002 0.002 0.015 0.018 0.003 0.005 0.005 
 212   (0.030) 0.015 0.017 0.019 0.003 0.020 0.008 0.004 0.034 0.036 
   0   (0.099) 0.025 0.069 0.895 0.864 0.061 0.630 0.737 0.029 0.038 
 222   (0.092) 0.123 0.066 0.016 0.013 0.116 0.031 0.020 0.037 0.141 
 224   (0.022) 0.006 0.024 0.008 0.002 0.021 0.006 0.003 0.006 0.008 
 216   (0.078) 0.051 0.055 0.006 0.033 0.092 0.023 0.019 0.062 0.095 
 200   (0.014) 0.004 0.003 0.001 0.007 0.026 0.002 0.002 0.003 0.003 
 204   (0.016) 0.004 0.004 0.001 0.008 0.026 0.002 0.002 0.004 0.004 
 188   (0.014) 0.016 0.010 0.001 0.001 0.079 0.005 0.002 0.004 0.004 
 208   (0.017) 0.004 0.005 0.001 0.001 0.007 0.003 0.002 0.006 0.016 

Locus 12 : 
18 alleles
0.0% missing data
 144   (0.034) 0.010 0.015 0.004 0.137 0.019 0.005 0.005 0.060 0.010 
 162   (0.038) 0.015 0.018 0.002 0.003 0.017 0.005 0.098 0.082 0.015 
 170   (0.040) 0.020 0.046 0.002 0.004 0.029 0.007 0.007 0.034 0.054 
   0   (0.060) 0.124 0.017 0.593 0.010 0.139 0.710 0.011 0.018 0.015 
 148   (0.079) 0.091 0.074 0.246 0.010 0.058 0.013 0.013 0.048 0.113 
 142   (0.059) 0.028 0.215 0.012 0.067 0.060 0.012 0.020 0.024 0.142 
 154   (0.043) 0.016 0.038 0.004 0.006 0.046 0.013 0.021 0.036 0.044 
 146   (0.304) 0.448 0.317 0.107 0.593 0.360 0.071 0.482 0.423 0.361 
 164   (0.046) 0.012 0.036 0.003 0.004 0.035 0.006 0.007 0.064 0.077 
 168   (0.022) 0.052 0.007 0.001 0.002 0.024 0.008 0.004 0.014 0.012 
 156   (0.070) 0.030 0.099 0.009 0.016 0.036 0.110 0.018 0.086 0.051 
 172   (0.042) 0.046 0.016 0.003 0.041 0.047 0.007 0.009 0.030 0.021 
 166   (0.059) 0.050 0.069 0.007 0.006 0.036 0.017 0.066 0.046 0.045 
 158   (0.031) 0.029 0.008 0.002 0.072 0.036 0.004 0.020 0.014 0.009 
 150   (0.014) 0.006 0.006 0.001 0.004 0.010 0.002 0.019 0.004 0.005 
 174   (0.018) 0.005 0.004 0.001 0.009 0.027 0.002 0.003 0.005 0.004 
 182   (0.016) 0.012 0.005 0.001 0.001 0.010 0.002 0.003 0.009 0.006 
 160   (0.024) 0.005 0.010 0.002 0.013 0.011 0.003 0.194 0.006 0.015 

Locus 13 : 
16 alleles
0.0% missing data
 285   (0.261) 0.236 0.268 0.021 0.200 0.266 0.143 0.081 0.387 0.293 
 291   (0.100) 0.050 0.043 0.011 0.016 0.075 0.074 0.029 0.132 0.254 
 289   (0.140) 0.359 0.130 0.007 0.029 0.128 0.021 0.022 0.190 0.163 
   0   (0.136) 0.117 0.073 0.931 0.461 0.202 0.676 0.717 0.040 0.051 
 277   (0.034) 0.011 0.029 0.002 0.004 0.020 0.009 0.012 0.034 0.039 
 273   (0.031) 0.008 0.285 0.002 0.003 0.017 0.012 0.009 0.008 0.012 
 293   (0.036) 0.087 0.020 0.002 0.003 0.105 0.007 0.013 0.013 0.009 
 287   (0.055) 0.037 0.056 0.011 0.044 0.033 0.008 0.009 0.065 0.018 
 295   (0.040) 0.011 0.013 0.002 0.004 0.034 0.006 0.007 0.038 0.097 
 301   (0.014) 0.003 0.005 0.001 0.001 0.007 0.003 0.005 0.005 0.014 
 303   (0.025) 0.022 0.020 0.001 0.009 0.023 0.004 0.040 0.007 0.009 
 279   (0.023) 0.030 0.007 0.001 0.002 0.012 0.022 0.009 0.018 0.008 
 181   (0.025) 0.006 0.024 0.001 0.003 0.011 0.004 0.004 0.006 0.006 
 283   (0.019) 0.004 0.005 0.001 0.217 0.023 0.002 0.003 0.004 0.004 
 281   (0.022) 0.007 0.006 0.001 0.002 0.011 0.004 0.003 0.013 0.009 
 297   (0.039) 0.013 0.017 0.002 0.004 0.034 0.006 0.039 0.040 0.012 

Values of parameters used in structure:
DATAFILE=bws18_structure.txt,	OUTFILE=bws18_structurek9_results,	NUMINDS=136,	NUMLOCI=13,	MISSING=-9,	LABEL=1,	POPDATA=1,	POPFLAG=0,	PHENOTYPE=0,	EXTRACOLS=0,	MAXPOPS=9,	BURNIN=10000,	NUMREPS=20000,	USEPOPINFO=0,	INFERALPHA=1,	INFERLAMBDA=0,	POPSPECIFICLAMBDA=0,	POPALPHAS=0,	COMPUTEPROB=1,	NOADMIX=0,	ADMBURNIN=500,	UPDATEFREQ=100,	PRINTLIKES=0,	INTERMEDSAVE=0,	PRINTKLD=0,	PRINTNET=1,	PRINTLAMBDA=1,	ANCESTDIST=0,	NUMBOXES=1000,	ANCESTPINT=0.90000,	GENSBACK=2,	MIGRPRIOR=0.01000,	PRINTQHAT=0,	PRINTQSUM=1,	ALPHA=1.0000,	FREQSCORR=1,	FPRIORMEAN=0.0100,	FPRIORSD=0.0500,	ONEFST=0,	LAMBDA=1.0000,	UNIFPRIORALPHA=1,	ALPHAMAX=10.0000,	ALPHAPRIORA=1.0000,	ALPHAPRIORB=2.0000,	ALPHAPROPSD=0.0250,	STARTATPOPINFO=0,	RANDOMIZE=1,	LINKAGE=0,	METROFREQ=10,	REPORTHITRATE=0,	MARKOVPHASE=0,	PHASED=0,	PLOIDY=2,	PHASEINFO=0	LOCPRIOR=0, 	LOCPRIORINIT=1.000000, 	LOCDATA=0, 	LOCISPOP=1, 	LOCPRIORSTEP=0.100000, 	MAXLOCPRIOR=20.000000, 	SEED=1682096076,	
[STRAT parameters]:    NUMSIMSTATS=1000,	PHENOTYPECOL=-9,	POOLFREQ=10,	LOCUSxONLY=0,	EMERROR=0.00100,	MISSINGPHENO=-9,	