

----------------------------------------------------
STRUCTURE by Pritchard, Stephens and Donnelly (2000)
     and Falush, Stephens and Pritchard (2003)
       Code by Pritchard, Falush and Hubisz
             Version 2.3.4 (Jul 2012)
----------------------------------------------------



Command line arguments:   ./structure -m mainparams_bws17_k4 
Input File:    bws17_structure.txt

Run parameters:
   97 individuals
   12 loci
   4 populations assumed
   10000 Burn-in period
   20000 Reps


--------------------------------------------
Proportion of membership of each pre-defined
 population in each of the 4 clusters

Given    Inferred Clusters              Number of
 Pop       1      2      3      4      Individuals

  1:     0.316  0.232  0.260  0.192       15
  2:     0.285  0.228  0.249  0.238       21
  3:     0.255  0.242  0.291  0.212       22
  4:     0.241  0.244  0.226  0.289       10
  5:     0.297  0.213  0.272  0.218       12
  6:     0.188  0.417  0.233  0.162       17
--------------------------------------------

Allele-freq. divergence among pops (Net nucleotide distance),
computed using point estimates of P.

      1       2       3       4      
 1      -    0.0651  0.0395  0.0500  
 2   0.0651     -    0.0785  0.0729  
 3   0.0395  0.0785     -    0.0642  
 4   0.0500  0.0729  0.0642     -    

Average distances (expected heterozygosity) between individuals in same cluster:
cluster  1  : 0.6108 
cluster  2  : 0.5661 
cluster  3  : 0.5847 
cluster  4  : 0.8268 

--------------------------------------------
Estimated Ln Prob of Data   = -3575.6
Mean value of ln likelihood = -3277.2
Variance of ln likelihood   = 596.8
Mean value of alpha         = 0.5111

Mean value of Fst_1         = 0.2744
Mean value of Fst_2         = 0.3015
Mean value of Fst_3         = 0.3013
Mean value of Fst_4         = 0.0026


Inferred ancestry of individuals:
        Label (%Miss) Pop:  Inferred clusters
  1       12    (0)    1 :  0.198 0.127 0.466 0.208 
  2       45   (16)    2 :  0.256 0.425 0.205 0.114 
  3       68    (0)    3 :  0.124 0.162 0.217 0.497 
  4    0078F   (50)    6 :  0.192 0.146 0.521 0.141 
  5       89    (0)    4 :  0.245 0.162 0.322 0.271 
  6      110    (0)    4 :  0.103 0.572 0.233 0.093 
  7      124    (8)    2 :  0.090 0.236 0.101 0.573 
  8      148    (0)    4 :  0.166 0.465 0.211 0.158 
  9      192    (0)    4 :  0.274 0.148 0.193 0.385 
 10      224    (0)    3 :  0.281 0.171 0.313 0.235 
 11      304    (8)    3 :  0.617 0.104 0.219 0.059 
 12      307    (0)    3 :  0.131 0.085 0.132 0.653 
 13      315    (0)    5 :  0.292 0.385 0.235 0.089 
 14      335    (8)    2 :  0.239 0.089 0.199 0.473 
 15      336    (0)    5 :  0.351 0.196 0.196 0.257 
 16      385    (8)    3 :  0.267 0.205 0.399 0.129 
 17      397    (0)    5 :  0.335 0.101 0.484 0.080 
 18      398    (8)    3 :  0.165 0.298 0.327 0.210 
 19      434    (8)    2 :  0.039 0.058 0.034 0.868 
 20      445    (0)    2 :  0.441 0.091 0.332 0.136 
 21      453    (0)    1 :  0.342 0.206 0.332 0.120 
 22      456    (8)    1 :  0.312 0.090 0.500 0.097 
 23      496    (0)    1 :  0.146 0.401 0.264 0.188 
 24      564    (8)    3 :  0.546 0.086 0.246 0.121 
 25      583    (0)    3 :  0.235 0.381 0.200 0.184 
 26      655    (8)    5 :  0.494 0.096 0.288 0.122 
 27      830    (0)    3 :  0.137 0.425 0.320 0.118 
 28      879    (8)    1 :  0.427 0.117 0.277 0.178 
 29      886    (0)    3 :  0.281 0.212 0.375 0.132 
 30      897    (0)    4 :  0.124 0.088 0.085 0.703 
 31      917    (0)    4 :  0.318 0.295 0.311 0.076 
 32      933    (8)    3 :  0.136 0.295 0.337 0.232 
 33      941   (16)    3 :  0.216 0.563 0.159 0.062 
 34      966    (8)    3 :  0.395 0.126 0.250 0.229 
 35     1028    (0)    5 :  0.313 0.203 0.276 0.208 
 36     1067    (0)    4 :  0.542 0.095 0.263 0.099 
 37     1071    (0)    1 :  0.499 0.118 0.205 0.178 
 38     1112    (0)    3 :  0.233 0.382 0.242 0.143 
 39    1285B    (8)    6 :  0.131 0.676 0.097 0.096 
 40    1285D    (0)    6 :  0.123 0.581 0.207 0.090 
 41    1285E    (0)    6 :  0.090 0.387 0.082 0.441 
 42    1285F   (25)    6 :  0.364 0.308 0.216 0.112 
 43    1285G    (0)    6 :  0.219 0.395 0.297 0.090 
 44    1285I    (0)    6 :  0.193 0.476 0.200 0.132 
 45     1287   (41)    5 :  0.300 0.127 0.307 0.265 
 46     1312    (8)    5 :  0.033 0.032 0.033 0.902 
 47     1326   (16)    4 :  0.241 0.485 0.191 0.083 
 48     1343    (8)    3 :  0.234 0.152 0.413 0.201 
 49     1353    (0)    3 :  0.494 0.111 0.316 0.079 
 50     1357    (8)    2 :  0.395 0.173 0.172 0.260 
 51     1362    (0)    4 :  0.367 0.110 0.424 0.099 
 52     1391    (8)    2 :  0.081 0.128 0.136 0.655 
 53     1409    (0)    2 :  0.152 0.386 0.374 0.088 
 54     1424    (8)    1 :  0.516 0.110 0.187 0.188 
 55    1424C   (33)    1 :  0.091 0.709 0.114 0.087 
 56    1424E   (16)    1 :  0.558 0.180 0.198 0.064 
 57    1424F   (33)    1 :  0.533 0.074 0.223 0.171 
 58    1424G   (33)    1 :  0.524 0.108 0.257 0.111 
 59     1432    (0)    6 :  0.162 0.534 0.249 0.055 
 60     1442    (0)    2 :  0.371 0.242 0.182 0.205 
 61     1450   (25)    5 :  0.319 0.287 0.236 0.158 
 62     1476    (0)    2 :  0.555 0.110 0.236 0.100 
 63     1519    (0)    2 :  0.210 0.160 0.571 0.059 
 64     1568    (0)    3 :  0.188 0.111 0.445 0.255 
 65     1579   (25)    2 :  0.569 0.181 0.187 0.063 
 66     1614    (8)    2 :  0.264 0.218 0.359 0.159 
 67     1617   (16)    1 :  0.038 0.037 0.048 0.876 
 68     1621    (0)    2 :  0.217 0.407 0.258 0.118 
 69     1825    (8)    2 :  0.375 0.236 0.174 0.216 
 70     1829    (8)    1 :  0.148 0.632 0.120 0.100 
 71     1836    (0)    4 :  0.027 0.024 0.029 0.920 
 72     1868   (41)    3 :  0.088 0.086 0.058 0.768 
 73     1900    (0)    2 :  0.242 0.498 0.167 0.093 
 74     1923    (0)    2 :  0.430 0.130 0.264 0.176 
 75     1924    (8)    6 :  0.104 0.702 0.089 0.105 
 76     1938    (0)    2 :  0.314 0.110 0.363 0.213 
 77     1945    (0)    5 :  0.169 0.411 0.274 0.146 
 78     2016   (16)    1 :  0.256 0.253 0.406 0.086 
 79     2066   (16)    5 :  0.378 0.134 0.354 0.134 
 80     3027    (8)    2 :  0.228 0.135 0.467 0.170 
 81     3051    (0)    3 :  0.060 0.788 0.112 0.040 
 82     3056    (0)    2 :  0.176 0.486 0.138 0.200 
 83     3079    (0)    5 :  0.343 0.083 0.389 0.184 
 84     3093   (16)    3 :  0.199 0.137 0.600 0.064 
 85    3129B   (41)    6 :  0.126 0.220 0.174 0.479 
 86    3129C   (41)    6 :  0.498 0.138 0.289 0.075 
 87    3129H   (25)    6 :  0.178 0.342 0.246 0.234 
 88    3129L   (41)    6 :  0.113 0.475 0.155 0.258 
 89    3129N   (41)    6 :  0.132 0.391 0.308 0.169 
 90    3129O   (25)    6 :  0.191 0.439 0.272 0.098 
 91    3129P    (8)    6 :  0.149 0.539 0.242 0.070 
 92     3141    (0)    3 :  0.192 0.364 0.349 0.095 
 93     3144    (0)    2 :  0.335 0.299 0.312 0.054 
 94     3167    (0)    1 :  0.146 0.317 0.305 0.232 
 95     3174    (8)    5 :  0.235 0.504 0.188 0.073 
 96     3177    (0)    6 :  0.228 0.343 0.324 0.105 
 97     3271    (8)    3 :  0.389 0.086 0.373 0.152 


Estimated Allele Frequencies in each cluster
First column gives estimated ancestral frequencies


Locus 1 : 
6 alleles
0.0% missing data
 148   (0.494) 0.792 0.744 0.864 0.489 
 146   (0.145) 0.079 0.143 0.056 0.144 
 147   (0.140) 0.116 0.102 0.067 0.139 
 160   (0.154) 0.009 0.008 0.009 0.163 
 172   (0.033) 0.002 0.002 0.002 0.033 
 158   (0.033) 0.002 0.002 0.002 0.032 

Locus 2 : 
18 alleles
1.0% missing data
 199   (0.087) 0.050 0.035 0.066 0.088 
 201   (0.081) 0.135 0.222 0.445 0.079 
 197   (0.140) 0.398 0.562 0.219 0.139 
 205   (0.104) 0.058 0.079 0.064 0.106 
 211   (0.069) 0.088 0.030 0.050 0.069 
 225   (0.035) 0.005 0.003 0.007 0.035 
 207   (0.034) 0.007 0.003 0.005 0.034 
 217   (0.036) 0.010 0.003 0.005 0.035 
 193   (0.052) 0.024 0.016 0.033 0.051 
 203   (0.051) 0.051 0.009 0.030 0.050 
 191   (0.047) 0.134 0.013 0.046 0.045 
 255   (0.069) 0.004 0.004 0.004 0.074 
 195   (0.035) 0.003 0.002 0.002 0.036 
 223   (0.024) 0.004 0.002 0.003 0.023 
 241   (0.052) 0.005 0.003 0.005 0.053 
 237   (0.022) 0.001 0.001 0.001 0.022 
 213   (0.040) 0.019 0.011 0.011 0.039 
 215   (0.023) 0.002 0.002 0.004 0.023 

Locus 3 : 
10 alleles
9.3% missing data
 201   (0.215) 0.335 0.146 0.540 0.214 
 210   (0.148) 0.175 0.062 0.140 0.147 
 204   (0.204) 0.260 0.149 0.134 0.205 
 207   (0.228) 0.206 0.631 0.170 0.227 
 214   (0.028) 0.002 0.002 0.002 0.028 
 192   (0.060) 0.004 0.003 0.003 0.062 
 198   (0.029) 0.007 0.002 0.004 0.028 
 189   (0.028) 0.002 0.001 0.001 0.028 
 219   (0.030) 0.007 0.002 0.004 0.029 
 183   (0.031) 0.002 0.002 0.002 0.031 

Locus 4 : 
14 alleles
3.1% missing data
 140   (0.103) 0.084 0.270 0.297 0.101 
 142   (0.117) 0.320 0.142 0.116 0.116 
 138   (0.137) 0.062 0.030 0.165 0.141 
 152   (0.035) 0.012 0.005 0.030 0.034 
 146   (0.040) 0.012 0.005 0.021 0.039 
 132   (0.088) 0.025 0.407 0.030 0.088 
 134   (0.117) 0.070 0.020 0.062 0.120 
 130   (0.069) 0.169 0.034 0.076 0.067 
 136   (0.102) 0.162 0.056 0.079 0.102 
 128   (0.045) 0.030 0.005 0.018 0.045 
 150   (0.025) 0.002 0.001 0.002 0.025 
 144   (0.059) 0.049 0.020 0.099 0.058 
 148   (0.036) 0.003 0.003 0.003 0.037 
 160   (0.027) 0.002 0.002 0.002 0.027 

Locus 5 : 
9 alleles
7.2% missing data
 257   (0.179) 0.298 0.075 0.609 0.176 
 259   (0.312) 0.575 0.800 0.279 0.309 
 271   (0.102) 0.017 0.079 0.038 0.102 
 273   (0.143) 0.015 0.011 0.017 0.150 
 255   (0.065) 0.016 0.006 0.009 0.067 
 261   (0.089) 0.064 0.020 0.034 0.087 
 269   (0.042) 0.010 0.004 0.010 0.040 
 243   (0.039) 0.003 0.003 0.003 0.040 
 265   (0.030) 0.002 0.002 0.002 0.029 

Locus 6 : 
11 alleles
26.8% missing data
 155   (0.276) 0.348 0.626 0.642 0.275 
 170   (0.106) 0.066 0.035 0.084 0.106 
 173   (0.060) 0.010 0.052 0.013 0.059 
 164   (0.086) 0.018 0.160 0.039 0.085 
 158   (0.164) 0.443 0.056 0.145 0.165 
 149   (0.061) 0.009 0.006 0.007 0.063 
 188   (0.047) 0.074 0.038 0.036 0.046 
 161   (0.064) 0.005 0.005 0.005 0.066 
 152   (0.033) 0.003 0.003 0.003 0.033 
 143   (0.059) 0.010 0.016 0.012 0.060 
 200   (0.043) 0.014 0.005 0.015 0.043 

Locus 7 : 
18 alleles
5.2% missing data
 145   (0.059) 0.200 0.014 0.081 0.057 
 157   (0.053) 0.008 0.010 0.018 0.054 
 137   (0.062) 0.037 0.080 0.074 0.060 
 159   (0.084) 0.048 0.111 0.032 0.084 
 149   (0.111) 0.079 0.074 0.136 0.113 
 151   (0.080) 0.086 0.096 0.302 0.079 
 139   (0.057) 0.014 0.011 0.020 0.059 
 147   (0.090) 0.109 0.370 0.110 0.089 
 153   (0.060) 0.013 0.174 0.032 0.060 
 141   (0.052) 0.276 0.007 0.091 0.051 
 161   (0.065) 0.066 0.026 0.042 0.065 
 143   (0.031) 0.017 0.003 0.007 0.030 
 165   (0.055) 0.031 0.012 0.040 0.055 
 181   (0.022) 0.005 0.003 0.005 0.022 
 135   (0.024) 0.002 0.003 0.002 0.024 
 155   (0.046) 0.003 0.002 0.003 0.049 
 177   (0.026) 0.005 0.002 0.004 0.025 
 132   (0.023) 0.002 0.002 0.002 0.023 

Locus 8 : 
6 alleles
28.9% missing data
 132   (0.158) 0.077 0.158 0.187 0.156 
 138   (0.635) 0.867 0.805 0.760 0.638 
 135   (0.040) 0.007 0.004 0.005 0.039 
 141   (0.056) 0.013 0.020 0.021 0.055 
 144   (0.055) 0.031 0.010 0.023 0.054 
 129   (0.057) 0.005 0.003 0.004 0.059 

Locus 9 : 
14 alleles
14.4% missing data
 266   (0.052) 0.010 0.022 0.019 0.053 
 288   (0.055) 0.015 0.009 0.016 0.056 
 282   (0.137) 0.073 0.416 0.128 0.138 
 286   (0.116) 0.071 0.181 0.199 0.116 
 278   (0.128) 0.235 0.061 0.267 0.127 
 280   (0.161) 0.313 0.054 0.139 0.164 
 274   (0.079) 0.071 0.014 0.051 0.080 
 276   (0.038) 0.010 0.120 0.016 0.036 
 292   (0.026) 0.002 0.002 0.002 0.026 
 270   (0.048) 0.022 0.090 0.029 0.046 
 272   (0.035) 0.094 0.003 0.030 0.033 
 284   (0.061) 0.077 0.026 0.096 0.059 
 300   (0.039) 0.003 0.002 0.002 0.040 
 290   (0.025) 0.007 0.002 0.005 0.024 

Locus 10 : 
18 alleles
1.0% missing data
 146   (0.192) 0.529 0.380 0.713 0.190 
 172   (0.053) 0.008 0.015 0.016 0.053 
 166   (0.066) 0.008 0.058 0.010 0.068 
 160   (0.092) 0.083 0.016 0.072 0.093 
 186   (0.043) 0.002 0.003 0.003 0.046 
 158   (0.036) 0.012 0.021 0.011 0.035 
 170   (0.079) 0.035 0.082 0.046 0.079 
 148   (0.067) 0.233 0.054 0.062 0.064 
 178   (0.036) 0.003 0.005 0.004 0.037 
 168   (0.051) 0.012 0.286 0.015 0.049 
 164   (0.038) 0.042 0.004 0.017 0.037 
 180   (0.035) 0.006 0.003 0.005 0.035 
 174   (0.055) 0.009 0.033 0.011 0.056 
 184   (0.036) 0.002 0.002 0.002 0.037 
 162   (0.037) 0.005 0.004 0.004 0.037 
 194   (0.026) 0.001 0.001 0.001 0.026 
 154   (0.031) 0.004 0.020 0.005 0.029 
 144   (0.029) 0.003 0.014 0.004 0.029 

Locus 11 : 
9 alleles
1.0% missing data
 158   (0.538) 0.948 0.888 0.939 0.535 
 160   (0.101) 0.019 0.073 0.027 0.100 
 154   (0.056) 0.006 0.006 0.009 0.056 
 170   (0.045) 0.003 0.004 0.003 0.046 
 152   (0.115) 0.010 0.009 0.010 0.120 
 162   (0.030) 0.002 0.002 0.002 0.030 
 166   (0.043) 0.002 0.002 0.002 0.044 
 144   (0.030) 0.004 0.003 0.003 0.029 
 156   (0.042) 0.006 0.014 0.004 0.041 

Locus 12 : 
12 alleles
10.3% missing data
 218   (0.191) 0.476 0.510 0.382 0.189 
 212   (0.080) 0.016 0.128 0.023 0.080 
 222   (0.068) 0.053 0.023 0.129 0.067 
 214   (0.116) 0.160 0.075 0.128 0.116 
 220   (0.167) 0.165 0.133 0.215 0.168 
 216   (0.077) 0.063 0.105 0.071 0.075 
 210   (0.053) 0.046 0.006 0.029 0.052 
 202   (0.083) 0.005 0.005 0.005 0.088 
 224   (0.052) 0.010 0.008 0.011 0.052 
 200   (0.041) 0.002 0.002 0.002 0.042 
 206   (0.043) 0.003 0.002 0.002 0.044 
 194   (0.028) 0.002 0.002 0.002 0.029 

Values of parameters used in structure:
DATAFILE=bws17_structure.txt,	OUTFILE=bws17_structurek4_results,	NUMINDS=97,	NUMLOCI=12,	MISSING=-9,	LABEL=1,	POPDATA=1,	POPFLAG=0,	PHENOTYPE=0,	EXTRACOLS=0,	MAXPOPS=4,	BURNIN=10000,	NUMREPS=20000,	USEPOPINFO=0,	INFERALPHA=1,	INFERLAMBDA=0,	POPSPECIFICLAMBDA=0,	POPALPHAS=0,	COMPUTEPROB=1,	NOADMIX=0,	ADMBURNIN=500,	UPDATEFREQ=100,	PRINTLIKES=0,	INTERMEDSAVE=0,	PRINTKLD=0,	PRINTNET=1,	PRINTLAMBDA=1,	ANCESTDIST=0,	NUMBOXES=1000,	ANCESTPINT=0.90000,	GENSBACK=2,	MIGRPRIOR=0.01000,	PRINTQHAT=0,	PRINTQSUM=1,	ALPHA=1.0000,	FREQSCORR=1,	FPRIORMEAN=0.0100,	FPRIORSD=0.0500,	ONEFST=0,	LAMBDA=1.0000,	UNIFPRIORALPHA=1,	ALPHAMAX=10.0000,	ALPHAPRIORA=1.0000,	ALPHAPRIORB=2.0000,	ALPHAPROPSD=0.0250,	STARTATPOPINFO=0,	RANDOMIZE=1,	LINKAGE=0,	METROFREQ=10,	REPORTHITRATE=0,	MARKOVPHASE=0,	PHASED=0,	PLOIDY=2,	PHASEINFO=0	LOCPRIOR=0, 	LOCPRIORINIT=1.000000, 	LOCDATA=0, 	LOCISPOP=1, 	LOCPRIORSTEP=0.100000, 	MAXLOCPRIOR=20.000000, 	SEED=1682096184,	
[STRAT parameters]:    NUMSIMSTATS=1000,	PHENOTYPECOL=-9,	POOLFREQ=10,	LOCUSxONLY=0,	EMERROR=0.00100,	MISSINGPHENO=-9,	