

----------------------------------------------------
STRUCTURE by Pritchard, Stephens and Donnelly (2000)
     and Falush, Stephens and Pritchard (2003)
       Code by Pritchard, Falush and Hubisz
             Version 2.3.4 (Jul 2012)
----------------------------------------------------



Command line arguments:   ./structure -m mainparams_bws18_k9_3 
Input File:    bws18_structure.txt

Run parameters:
   141 individuals
   13 loci
   9 populations assumed
   10000 Burn-in period
   20000 Reps


--------------------------------------------
Proportion of membership of each pre-defined
 population in each of the 9 clusters

Given    Inferred Clusters                                                 Number of
 Pop       1      2      3      4      5      6      7      8      9      Individuals

 17:     0.149  0.138  0.056  0.119  0.115  0.083  0.085  0.134  0.121       18
 22:     0.121  0.123  0.031  0.117  0.107  0.134  0.148  0.086  0.132       11
 29:     0.090  0.135  0.070  0.115  0.110  0.060  0.189  0.102  0.130       14
 62:     0.096  0.103  0.131  0.076  0.092  0.190  0.114  0.099  0.100       20
122:     0.093  0.189  0.058  0.163  0.136  0.069  0.066  0.088  0.138       14
193:     0.046  0.108  0.179  0.111  0.115  0.061  0.162  0.112  0.107       14
205:     0.148  0.098  0.039  0.126  0.109  0.066  0.188  0.084  0.142       21
286:     0.160  0.062  0.089  0.094  0.122  0.099  0.155  0.130  0.088       14
328:     0.066  0.101  0.277  0.068  0.066  0.128  0.072  0.135  0.088       15
--------------------------------------------

Allele-freq. divergence among pops (Net nucleotide distance),
computed using point estimates of P.

      1       2       3       4       5       6       7       8       9      
 1      -    0.0241  0.0561  0.0265  0.0241  0.0401  0.0359  0.0238  0.0302  
 2   0.0241     -    0.0358  0.0034  0.0021  0.0210  0.0126  0.0092  0.0027  
 3   0.0561  0.0358     -    0.0361  0.0361  0.0594  0.0454  0.0403  0.0381  
 4   0.0265  0.0034  0.0361     -    0.0015  0.0263  0.0106  0.0129  0.0073  
 5   0.0241  0.0021  0.0361  0.0015     -    0.0219  0.0078  0.0095  0.0047  
 6   0.0401  0.0210  0.0594  0.0263  0.0219     -    0.0297  0.0227  0.0235  
 7   0.0359  0.0126  0.0454  0.0106  0.0078  0.0297     -    0.0205  0.0115  
 8   0.0238  0.0092  0.0403  0.0129  0.0095  0.0227  0.0205     -    0.0100  
 9   0.0302  0.0027  0.0381  0.0073  0.0047  0.0235  0.0115  0.0100     -    

Average distances (expected heterozygosity) between individuals in same cluster:
cluster  1  : 0.6723 
cluster  2  : 0.7145 
cluster  3  : 0.6197 
cluster  4  : 0.7147 
cluster  5  : 0.7104 
cluster  6  : 0.6439 
cluster  7  : 0.6664 
cluster  8  : 0.6912 
cluster  9  : 0.6783 

--------------------------------------------
Estimated Ln Prob of Data   = -5407.3
Mean value of ln likelihood = -4651.8
Variance of ln likelihood   = 1510.9
Mean value of alpha         = 0.0582

Mean value of Fst_1         = 0.1330
Mean value of Fst_2         = 0.0483
Mean value of Fst_3         = 0.1832
Mean value of Fst_4         = 0.0800
Mean value of Fst_5         = 0.0796
Mean value of Fst_6         = 0.1516
Mean value of Fst_7         = 0.1179
Mean value of Fst_8         = 0.0974
Mean value of Fst_9         = 0.1241


Inferred ancestry of individuals:
        Label (%Miss) Pop:  Inferred clusters
  1    0079C    (0)   17 :  0.026 0.130 0.073 0.390 0.213 0.014 0.023 0.081 0.050 
  2    0079D    (0)   17 :  0.028 0.182 0.018 0.096 0.106 0.162 0.065 0.135 0.208 
  3    0079E   (23)   17 :  0.143 0.145 0.020 0.096 0.131 0.079 0.074 0.227 0.085 
  4    0079G    (0)   17 :  0.024 0.112 0.080 0.160 0.111 0.076 0.113 0.183 0.141 
  5    0082A    (0)   17 :  0.727 0.047 0.015 0.063 0.047 0.029 0.016 0.034 0.022 
  6    0082B    (0)   17 :  0.194 0.026 0.013 0.019 0.027 0.197 0.028 0.479 0.017 
  7    0082C   (15)   17 :  0.028 0.042 0.473 0.056 0.038 0.025 0.163 0.060 0.115 
  8    0082D   (23)   17 :  0.031 0.193 0.061 0.087 0.110 0.202 0.136 0.110 0.070 
  9    0121B   (38)   22 :  0.629 0.071 0.024 0.051 0.047 0.045 0.061 0.034 0.037 
 10    0121C    (0)   22 :  0.021 0.112 0.037 0.171 0.119 0.021 0.394 0.079 0.046 
 11    0147A   (38)   29 :  0.046 0.133 0.153 0.090 0.080 0.273 0.055 0.081 0.089 
 12    0147B    (7)   29 :  0.016 0.060 0.019 0.146 0.124 0.028 0.498 0.037 0.071 
 13    0147D   (30)   29 :  0.014 0.052 0.010 0.086 0.173 0.099 0.274 0.110 0.181 
 14    0167A    (0)   17 :  0.014 0.099 0.009 0.157 0.174 0.084 0.051 0.296 0.116 
 15    0167B    (0)   17 :  0.033 0.205 0.053 0.064 0.064 0.101 0.048 0.093 0.341 
 16    0167C    (0)   17 :  0.742 0.051 0.015 0.026 0.034 0.026 0.029 0.056 0.021 
 17    0309A    (0)   62 :  0.013 0.024 0.014 0.015 0.019 0.809 0.018 0.035 0.053 
 18    0309C    (0)   62 :  0.031 0.315 0.033 0.159 0.094 0.092 0.072 0.068 0.135 
 19    0309D   (30)   62 :  0.086 0.040 0.012 0.028 0.080 0.428 0.148 0.106 0.072 
 20    0309E   (15)   62 :  0.019 0.019 0.028 0.031 0.042 0.775 0.015 0.029 0.041 
 21    0625A    (7)   122 :  0.025 0.154 0.028 0.047 0.082 0.134 0.073 0.145 0.313 
 22    0625B    (0)   122 :  0.048 0.153 0.059 0.085 0.087 0.168 0.081 0.088 0.231 
 23    0625C    (0)   122 :  0.044 0.332 0.088 0.096 0.080 0.108 0.016 0.070 0.166 
 24    0625D    (0)   122 :  0.051 0.134 0.254 0.060 0.078 0.184 0.073 0.066 0.102 
 25    1029C   (23)   193 :  0.014 0.041 0.022 0.072 0.102 0.244 0.425 0.040 0.040 
 26    1029D   (30)   193 :  0.023 0.113 0.052 0.095 0.195 0.052 0.272 0.077 0.121 
 27    1029G   (46)   193 :  0.056 0.064 0.019 0.051 0.123 0.041 0.055 0.488 0.102 
 28    1187A    (0)   29 :  0.011 0.016 0.012 0.115 0.075 0.026 0.585 0.029 0.131 
 29    1187B    (0)   29 :  0.074 0.166 0.153 0.084 0.161 0.031 0.167 0.109 0.054 
 30    1187C    (0)   29 :  0.008 0.034 0.017 0.091 0.094 0.084 0.503 0.027 0.143 
 31    1187D   (15)   29 :  0.223 0.247 0.042 0.087 0.107 0.078 0.068 0.075 0.075 
 32    1187E    (0)   29 :  0.436 0.023 0.238 0.034 0.023 0.026 0.014 0.185 0.020 
 33    1314A   (15)   193 :  0.029 0.027 0.762 0.058 0.024 0.018 0.022 0.029 0.032 
 34    1314B   (15)   193 :  0.044 0.189 0.141 0.058 0.065 0.053 0.058 0.125 0.267 
 35    1314C    (0)   193 :  0.029 0.232 0.020 0.052 0.081 0.104 0.074 0.075 0.333 
 36    1314D    (0)   193 :  0.045 0.069 0.032 0.149 0.129 0.021 0.344 0.145 0.066 
 37    1314E    (7)   193 :  0.086 0.075 0.440 0.109 0.063 0.041 0.031 0.091 0.065 
 38    1319A    (0)   62 :  0.035 0.044 0.032 0.050 0.104 0.076 0.042 0.466 0.151 
 39    1319B    (7)   62 :  0.049 0.090 0.054 0.046 0.118 0.024 0.061 0.282 0.276 
 40    1600A    (0)   29 :  0.036 0.209 0.018 0.046 0.083 0.036 0.038 0.133 0.400 
 41    1600B    (0)   29 :  0.067 0.161 0.046 0.149 0.141 0.031 0.050 0.236 0.119 
 42    1600C    (7)   29 :  0.046 0.077 0.158 0.131 0.096 0.032 0.314 0.091 0.055 
 43    1630A    (7)   193 :  0.051 0.070 0.033 0.113 0.103 0.054 0.416 0.046 0.113 
 44    1630B   (15)   193 :  0.013 0.017 0.806 0.034 0.031 0.011 0.056 0.017 0.016 
 45    1630C   (46)   193 :  0.101 0.067 0.022 0.087 0.241 0.099 0.265 0.059 0.060 
 46    1711A    (7)   286 :  0.154 0.035 0.016 0.019 0.021 0.175 0.016 0.539 0.025 
 47    1711B    (0)   286 :  0.131 0.036 0.016 0.032 0.039 0.153 0.026 0.542 0.026 
 48    1711C   (46)   286 :  0.015 0.048 0.725 0.033 0.028 0.033 0.018 0.022 0.076 
 49    1711D   (23)   286 :  0.016 0.135 0.017 0.045 0.085 0.392 0.062 0.086 0.161 
 50    1711E   (30)   286 :  0.019 0.029 0.009 0.019 0.155 0.447 0.197 0.039 0.087 
 51    1715A    (0)   205 :  0.013 0.031 0.086 0.150 0.097 0.056 0.346 0.027 0.194 
 52    1715B    (0)   205 :  0.016 0.028 0.020 0.155 0.086 0.067 0.415 0.034 0.180 
 53    1715C    (0)   205 :  0.202 0.254 0.042 0.073 0.201 0.023 0.100 0.082 0.024 
 54    1715D    (0)   205 :  0.019 0.095 0.008 0.052 0.153 0.017 0.031 0.331 0.295 
 55    1715E    (0)   205 :  0.069 0.069 0.018 0.152 0.141 0.039 0.284 0.038 0.189 
 56    1726A    (0)   205 :  0.021 0.030 0.023 0.133 0.086 0.031 0.445 0.032 0.200 
 57    1726B   (23)   205 :  0.108 0.139 0.085 0.233 0.181 0.035 0.087 0.054 0.078 
 58    1783A   (46)   205 :  0.021 0.058 0.013 0.190 0.093 0.050 0.325 0.060 0.191 
 59    1783B    (0)   205 :  0.023 0.031 0.029 0.069 0.179 0.077 0.393 0.134 0.064 
 60    1783C    (0)   205 :  0.108 0.079 0.029 0.127 0.089 0.132 0.252 0.033 0.151 
 61    1783D    (0)   205 :  0.011 0.030 0.013 0.131 0.059 0.028 0.577 0.019 0.134 
 62    1783E    (0)   205 :  0.076 0.260 0.024 0.326 0.167 0.012 0.025 0.085 0.026 
 63    2008C    (0)   62 :  0.026 0.158 0.011 0.113 0.144 0.106 0.290 0.118 0.034 
 64    2008D    (0)   62 :  0.074 0.184 0.025 0.096 0.159 0.031 0.051 0.233 0.148 
 65    2008E    (7)   62 :  0.036 0.051 0.070 0.041 0.036 0.564 0.082 0.049 0.072 
 66    2008F   (38)   62 :  0.069 0.083 0.328 0.085 0.097 0.028 0.099 0.055 0.155 
 67    2008G    (7)   62 :  0.048 0.218 0.014 0.055 0.112 0.114 0.154 0.045 0.238 
 68    2008H    (0)   62 :  0.037 0.026 0.813 0.027 0.023 0.016 0.021 0.016 0.020 
 69    2033A   (23)   328 :  0.199 0.167 0.017 0.102 0.097 0.169 0.103 0.075 0.071 
 70    2159A    (0)   328 :  0.037 0.032 0.681 0.019 0.024 0.128 0.014 0.039 0.028 
 71    2159B    (0)   328 :  0.006 0.009 0.936 0.007 0.008 0.010 0.007 0.008 0.008 
 72    2159C    (0)   328 :  0.021 0.270 0.038 0.079 0.149 0.037 0.071 0.051 0.285 
 73    2159D    (0)   328 :  0.007 0.008 0.940 0.007 0.007 0.011 0.006 0.008 0.007 
 74    2159E    (0)   328 :  0.092 0.042 0.154 0.101 0.076 0.034 0.316 0.155 0.029 
 75    2341B    (7)   62 :  0.252 0.057 0.017 0.016 0.024 0.428 0.011 0.093 0.102 
 76    2341C    (0)   62 :  0.022 0.230 0.011 0.240 0.180 0.031 0.175 0.080 0.032 
 77    2351A    (0)   62 :  0.714 0.043 0.029 0.044 0.064 0.032 0.024 0.020 0.031 
 78    2366A   (46)   122 :  0.069 0.133 0.135 0.303 0.131 0.054 0.046 0.077 0.053 
 79    2366B   (46)   122 :  0.022 0.051 0.030 0.121 0.094 0.048 0.275 0.141 0.219 
 80    2366C    (0)   122 :  0.009 0.137 0.011 0.471 0.211 0.021 0.049 0.044 0.047 
 81    2366D    (0)   122 :  0.088 0.178 0.038 0.290 0.245 0.018 0.014 0.104 0.024 
 82    2409A   (15)   122 :  0.828 0.020 0.016 0.021 0.013 0.020 0.015 0.045 0.021 
 83    2423C    (0)   205 :  0.028 0.169 0.134 0.139 0.160 0.040 0.116 0.092 0.122 
 84    2423D    (7)   205 :  0.022 0.262 0.011 0.042 0.081 0.025 0.035 0.092 0.429 
 85    2423E   (30)   205 :  0.146 0.120 0.011 0.255 0.175 0.024 0.066 0.099 0.104 
 86    2856A   (23)   22 :  0.204 0.060 0.023 0.103 0.104 0.028 0.352 0.090 0.037 
 87    2856B    (7)   22 :  0.021 0.169 0.046 0.400 0.157 0.060 0.060 0.043 0.043 
 88    2856C    (7)   22 :  0.250 0.072 0.031 0.045 0.069 0.182 0.054 0.257 0.040 
 89    2856E   (23)   22 :  0.047 0.212 0.030 0.043 0.055 0.114 0.026 0.092 0.381 
 90    3026A    (0)   17 :  0.019 0.294 0.031 0.089 0.205 0.016 0.202 0.104 0.039 
 91    3026B   (15)   17 :  0.044 0.255 0.037 0.152 0.126 0.092 0.034 0.137 0.123 
 92    3253A    (0)   205 :  0.024 0.086 0.015 0.070 0.059 0.557 0.034 0.050 0.106 
 93    3280A    (0)   328 :  0.034 0.058 0.011 0.026 0.052 0.650 0.033 0.057 0.080 
 94    3280B    (0)   328 :  0.053 0.331 0.050 0.043 0.072 0.022 0.013 0.077 0.340 
 95    3760C   (23)   122 :  0.006 0.222 0.004 0.300 0.337 0.005 0.006 0.091 0.029 
 96    4249A    (0)   193 :  0.076 0.283 0.032 0.316 0.131 0.036 0.027 0.060 0.039 
 97    4316A    (7)   17 :  0.241 0.121 0.020 0.190 0.141 0.069 0.090 0.057 0.070 
 98    4316B    (0)   17 :  0.023 0.224 0.019 0.136 0.126 0.035 0.062 0.141 0.234 
 99    4316C   (15)   17 :  0.052 0.124 0.032 0.169 0.145 0.031 0.116 0.077 0.254 
100    4316D   (15)   17 :  0.071 0.081 0.010 0.047 0.163 0.194 0.237 0.104 0.093 
101    4316E   (15)   17 :  0.248 0.150 0.023 0.153 0.106 0.056 0.047 0.044 0.173 
102    5597A   (23)   22 :  0.035 0.183 0.041 0.082 0.237 0.035 0.179 0.056 0.152 
103    5597B    (0)   22 :  0.014 0.081 0.011 0.059 0.043 0.595 0.040 0.033 0.123 
104    5597C    (0)   22 :  0.032 0.154 0.047 0.129 0.126 0.192 0.086 0.084 0.150 
105    5597D   (23)   22 :  0.049 0.059 0.032 0.129 0.110 0.036 0.312 0.080 0.192 
106    5637A    (0)   205 :  0.647 0.039 0.032 0.058 0.025 0.018 0.024 0.055 0.102 
107    5637C    (7)   205 :  0.023 0.097 0.116 0.105 0.086 0.040 0.304 0.094 0.135 
108    5637D   (38)   205 :  0.073 0.124 0.067 0.071 0.122 0.047 0.056 0.276 0.163 
109    5637E   (46)   205 :  0.698 0.027 0.022 0.057 0.027 0.062 0.017 0.043 0.046 
110    5637G   (46)   205 :  0.766 0.023 0.020 0.058 0.022 0.018 0.016 0.030 0.048 
111    5912A    (0)   286 :  0.687 0.067 0.012 0.052 0.042 0.023 0.032 0.038 0.047 
112    5912B    (0)   286 :  0.032 0.052 0.021 0.123 0.077 0.017 0.511 0.054 0.114 
113    5912C   (30)   286 :  0.876 0.012 0.010 0.022 0.017 0.007 0.012 0.019 0.024 
114    5912D   (30)   286 :  0.037 0.055 0.049 0.138 0.173 0.021 0.182 0.133 0.211 
115    5912E   (15)   286 :  0.038 0.125 0.045 0.129 0.119 0.018 0.325 0.048 0.152 
116    5954B   (38)   286 :  0.016 0.103 0.079 0.325 0.283 0.036 0.026 0.052 0.082 
117    5954C   (46)   286 :  0.162 0.031 0.222 0.052 0.091 0.039 0.099 0.165 0.140 
118    5954D   (46)   286 :  0.022 0.059 0.010 0.126 0.273 0.019 0.398 0.023 0.069 
119    5954E   (53)   286 :  0.033 0.085 0.008 0.207 0.311 0.011 0.269 0.057 0.020 
120    6136A    (0)   29 :  0.219 0.173 0.065 0.053 0.081 0.055 0.030 0.191 0.132 
121    6136B    (7)   29 :  0.040 0.185 0.018 0.326 0.221 0.019 0.010 0.069 0.113 
122    6136C   (15)   29 :  0.015 0.358 0.027 0.169 0.088 0.015 0.042 0.050 0.235 
123    6337A    (7)   328 :  0.055 0.026 0.008 0.012 0.027 0.465 0.009 0.365 0.032 
124    6337B    (0)   328 :  0.114 0.039 0.023 0.024 0.071 0.148 0.121 0.413 0.048 
125    6337C    (0)   328 :  0.173 0.057 0.017 0.039 0.042 0.113 0.042 0.471 0.047 
126    6337D   (15)   328 :  0.013 0.020 0.870 0.015 0.017 0.013 0.018 0.011 0.023 
127    6337E    (7)   328 :  0.044 0.120 0.349 0.171 0.090 0.053 0.027 0.077 0.068 
128    6382C    (0)   122 :  0.019 0.125 0.029 0.175 0.152 0.078 0.192 0.160 0.071 
129    6382E    (0)   122 :  0.038 0.308 0.073 0.146 0.095 0.027 0.026 0.048 0.239 
130    6382F   (46)   122 :  0.010 0.347 0.015 0.085 0.077 0.053 0.012 0.016 0.385 
131    6382G   (15)   122 :  0.041 0.358 0.028 0.083 0.218 0.051 0.043 0.139 0.039 
132    6514C    (0)   62 :  0.188 0.069 0.014 0.081 0.155 0.134 0.228 0.094 0.036 
133    6514E    (0)   62 :  0.058 0.091 0.059 0.082 0.089 0.017 0.386 0.087 0.131 
134    6514F    (0)   62 :  0.077 0.211 0.240 0.096 0.077 0.045 0.029 0.043 0.181 
135    6514G   (30)   62 :  0.071 0.075 0.013 0.189 0.178 0.031 0.355 0.041 0.047 
136    6514H   (15)   62 :  0.018 0.020 0.809 0.020 0.042 0.013 0.027 0.016 0.036 
137    6546B   (23)   328 :  0.080 0.248 0.011 0.215 0.125 0.015 0.030 0.128 0.148 
138    6546C   (30)   328 :  0.056 0.092 0.052 0.159 0.134 0.050 0.267 0.083 0.107 
139    6706A   (23)   193 :  0.052 0.139 0.084 0.097 0.109 0.052 0.088 0.200 0.179 
140    6706B   (30)   193 :  0.022 0.123 0.046 0.264 0.205 0.022 0.132 0.121 0.065 
141    6723B   (46)   22 :  0.026 0.181 0.022 0.075 0.111 0.168 0.063 0.102 0.252 


Estimated Allele Frequencies in each cluster
First column gives estimated ancestral frequencies


Locus 1 : 
8 alleles
3.5% missing data
 148   (0.683) 0.717 0.740 0.576 0.726 0.725 0.820 0.802 0.645 0.788 
 146   (0.123) 0.097 0.090 0.378 0.101 0.107 0.067 0.114 0.227 0.087 
 147   (0.097) 0.147 0.096 0.030 0.093 0.087 0.091 0.043 0.084 0.091 
 142   (0.028) 0.012 0.024 0.005 0.014 0.020 0.006 0.011 0.013 0.007 
 137   (0.013) 0.005 0.010 0.002 0.006 0.008 0.003 0.003 0.009 0.006 
 161   (0.026) 0.009 0.018 0.004 0.036 0.022 0.005 0.006 0.010 0.009 
 172   (0.014) 0.009 0.010 0.003 0.008 0.008 0.004 0.004 0.005 0.007 
 151   (0.016) 0.005 0.012 0.002 0.016 0.023 0.003 0.016 0.006 0.004 

Locus 2 : 
16 alleles
5.7% missing data
 197   (0.300) 0.195 0.334 0.331 0.289 0.299 0.524 0.261 0.363 0.365 
 205   (0.108) 0.064 0.114 0.025 0.115 0.128 0.049 0.137 0.175 0.122 
 199   (0.071) 0.063 0.072 0.016 0.084 0.109 0.033 0.130 0.056 0.061 
 201   (0.162) 0.176 0.187 0.300 0.207 0.173 0.087 0.122 0.108 0.175 
 203   (0.044) 0.345 0.039 0.010 0.055 0.034 0.028 0.011 0.034 0.029 
 213   (0.037) 0.021 0.027 0.007 0.023 0.025 0.138 0.020 0.055 0.020 
 227   (0.033) 0.009 0.025 0.143 0.024 0.019 0.025 0.012 0.018 0.016 
 221   (0.027) 0.007 0.016 0.115 0.017 0.016 0.006 0.026 0.016 0.010 
 211   (0.055) 0.025 0.067 0.014 0.056 0.072 0.029 0.108 0.036 0.075 
 215   (0.027) 0.052 0.017 0.011 0.013 0.015 0.009 0.010 0.033 0.009 
 217   (0.029) 0.012 0.022 0.005 0.016 0.026 0.030 0.040 0.051 0.017 
 193   (0.036) 0.011 0.024 0.007 0.051 0.035 0.013 0.078 0.019 0.048 
 191   (0.033) 0.009 0.024 0.007 0.022 0.024 0.020 0.034 0.020 0.031 
 219   (0.012) 0.003 0.013 0.003 0.005 0.007 0.003 0.003 0.005 0.010 
 241   (0.012) 0.003 0.008 0.002 0.014 0.009 0.002 0.002 0.004 0.004 
 207   (0.015) 0.004 0.009 0.003 0.008 0.009 0.004 0.005 0.006 0.009 

Locus 3 : 
9 alleles
12.8% missing data
 201   (0.272) 0.238 0.251 0.340 0.278 0.267 0.383 0.390 0.200 0.264 
 207   (0.324) 0.282 0.366 0.381 0.400 0.382 0.139 0.365 0.315 0.397 
 204   (0.215) 0.387 0.201 0.186 0.181 0.183 0.303 0.135 0.273 0.173 
 210   (0.102) 0.058 0.123 0.069 0.075 0.095 0.063 0.065 0.144 0.128 
 219   (0.017) 0.009 0.010 0.003 0.007 0.013 0.033 0.012 0.012 0.008 
 198   (0.023) 0.010 0.019 0.008 0.018 0.017 0.005 0.010 0.011 0.007 
 213   (0.017) 0.005 0.010 0.003 0.007 0.017 0.033 0.016 0.007 0.009 
 216   (0.016) 0.004 0.012 0.007 0.029 0.019 0.005 0.004 0.008 0.010 
 189   (0.015) 0.006 0.009 0.003 0.006 0.008 0.034 0.003 0.030 0.005 

Locus 4 : 
12 alleles
12.8% missing data
 138   (0.138) 0.041 0.133 0.149 0.147 0.139 0.137 0.113 0.134 0.151 
 140   (0.187) 0.517 0.197 0.128 0.186 0.170 0.180 0.115 0.236 0.127 
 132   (0.173) 0.110 0.168 0.162 0.194 0.177 0.280 0.145 0.174 0.172 
 154   (0.014) 0.003 0.010 0.004 0.009 0.008 0.005 0.006 0.009 0.007 
 142   (0.136) 0.199 0.137 0.046 0.104 0.141 0.115 0.189 0.214 0.176 
 134   (0.052) 0.023 0.044 0.047 0.063 0.096 0.022 0.091 0.045 0.025 
 128   (0.034) 0.012 0.026 0.192 0.018 0.019 0.010 0.015 0.019 0.022 
 136   (0.104) 0.038 0.112 0.029 0.151 0.125 0.137 0.197 0.062 0.126 
 144   (0.057) 0.022 0.081 0.122 0.043 0.042 0.024 0.019 0.034 0.083 
 146   (0.028) 0.010 0.027 0.007 0.016 0.016 0.014 0.007 0.030 0.017 
 152   (0.032) 0.010 0.023 0.102 0.016 0.018 0.011 0.017 0.018 0.017 
 130   (0.045) 0.015 0.042 0.012 0.052 0.050 0.065 0.086 0.024 0.077 

Locus 5 : 
9 alleles
16.3% missing data
 257   (0.404) 0.320 0.437 0.720 0.423 0.401 0.364 0.453 0.477 0.512 
 271   (0.049) 0.019 0.045 0.012 0.075 0.058 0.023 0.025 0.072 0.030 
 259   (0.328) 0.354 0.332 0.213 0.313 0.347 0.440 0.409 0.321 0.337 
 261   (0.073) 0.128 0.072 0.022 0.060 0.084 0.093 0.057 0.048 0.066 
 263   (0.021) 0.006 0.013 0.008 0.011 0.012 0.043 0.006 0.009 0.008 
 269   (0.020) 0.128 0.011 0.004 0.008 0.010 0.004 0.005 0.008 0.007 
 273   (0.071) 0.030 0.068 0.015 0.090 0.066 0.023 0.037 0.039 0.032 
 265   (0.017) 0.006 0.012 0.004 0.013 0.013 0.004 0.004 0.008 0.004 
 267   (0.017) 0.008 0.010 0.004 0.007 0.009 0.007 0.004 0.019 0.005 

Locus 6 : 
15 alleles
4.3% missing data
 147   (0.168) 0.224 0.160 0.620 0.181 0.177 0.076 0.148 0.157 0.175 
 141   (0.122) 0.148 0.114 0.025 0.086 0.131 0.367 0.135 0.110 0.111 
 149   (0.094) 0.069 0.073 0.049 0.094 0.087 0.142 0.157 0.149 0.116 
 159   (0.061) 0.232 0.071 0.013 0.051 0.045 0.032 0.022 0.041 0.083 
 137   (0.094) 0.054 0.103 0.024 0.070 0.086 0.088 0.044 0.190 0.130 
 139   (0.035) 0.027 0.037 0.008 0.038 0.032 0.016 0.009 0.034 0.016 
 161   (0.060) 0.026 0.055 0.018 0.058 0.090 0.046 0.135 0.032 0.046 
 151   (0.066) 0.053 0.069 0.016 0.088 0.088 0.024 0.166 0.049 0.048 
 153   (0.084) 0.032 0.081 0.023 0.129 0.085 0.082 0.057 0.071 0.062 
 165   (0.051) 0.025 0.044 0.010 0.059 0.052 0.022 0.061 0.048 0.051 
 145   (0.060) 0.022 0.072 0.166 0.049 0.044 0.048 0.032 0.042 0.066 
 135   (0.013) 0.004 0.008 0.002 0.006 0.007 0.004 0.004 0.017 0.005 
 157   (0.038) 0.051 0.039 0.015 0.046 0.031 0.013 0.011 0.031 0.020 
 143   (0.033) 0.009 0.061 0.008 0.028 0.033 0.036 0.016 0.020 0.067 
 155   (0.020) 0.025 0.012 0.003 0.018 0.013 0.005 0.004 0.008 0.006 

Locus 7 : 
4 alleles
2.1% missing data
 138   (0.762) 0.849 0.731 0.933 0.774 0.764 0.862 0.728 0.851 0.734 
 144   (0.074) 0.019 0.075 0.014 0.072 0.082 0.031 0.094 0.055 0.088 
 132   (0.150) 0.129 0.182 0.051 0.147 0.146 0.099 0.174 0.088 0.169 
 135   (0.015) 0.003 0.012 0.002 0.007 0.008 0.007 0.004 0.007 0.009 

Locus 8 : 
12 alleles
20.6% missing data
 276   (0.070) 0.029 0.063 0.107 0.075 0.062 0.023 0.093 0.035 0.071 
 286   (0.127) 0.190 0.139 0.072 0.149 0.137 0.072 0.058 0.174 0.157 
 278   (0.221) 0.327 0.184 0.296 0.256 0.242 0.125 0.411 0.168 0.191 
 270   (0.030) 0.017 0.026 0.009 0.020 0.020 0.022 0.014 0.023 0.028 
 280   (0.227) 0.277 0.228 0.162 0.208 0.213 0.313 0.188 0.304 0.272 
 266   (0.036) 0.044 0.023 0.017 0.021 0.030 0.039 0.023 0.116 0.021 
 282   (0.135) 0.066 0.190 0.119 0.141 0.128 0.308 0.062 0.098 0.164 
 274   (0.031) 0.010 0.023 0.019 0.030 0.026 0.009 0.042 0.016 0.014 
 290   (0.026) 0.008 0.018 0.006 0.016 0.049 0.056 0.060 0.021 0.026 
 284   (0.038) 0.013 0.054 0.011 0.033 0.032 0.017 0.013 0.018 0.033 
 288   (0.038) 0.013 0.033 0.178 0.028 0.044 0.010 0.026 0.017 0.017 
 272   (0.021) 0.007 0.018 0.004 0.022 0.018 0.005 0.009 0.010 0.006 

Locus 9 : 
15 alleles
3.5% missing data
 146   (0.429) 0.397 0.465 0.515 0.514 0.512 0.469 0.542 0.461 0.504 
 178   (0.032) 0.027 0.025 0.007 0.052 0.034 0.007 0.007 0.015 0.009 
 170   (0.034) 0.011 0.074 0.027 0.029 0.031 0.021 0.014 0.022 0.079 
 166   (0.069) 0.056 0.057 0.018 0.052 0.066 0.032 0.070 0.089 0.059 
 172   (0.047) 0.020 0.036 0.020 0.048 0.045 0.045 0.117 0.041 0.035 
 168   (0.081) 0.059 0.075 0.093 0.049 0.061 0.225 0.048 0.076 0.088 
 162   (0.018) 0.031 0.012 0.003 0.009 0.010 0.008 0.006 0.008 0.005 
 148   (0.081) 0.157 0.064 0.035 0.067 0.087 0.053 0.081 0.130 0.093 
 160   (0.062) 0.180 0.068 0.151 0.035 0.039 0.077 0.026 0.045 0.040 
 174   (0.031) 0.010 0.037 0.007 0.046 0.026 0.012 0.009 0.016 0.012 
 158   (0.030) 0.008 0.020 0.104 0.016 0.020 0.020 0.018 0.013 0.011 
 154   (0.033) 0.020 0.024 0.008 0.043 0.033 0.017 0.044 0.054 0.039 
 164   (0.014) 0.007 0.010 0.003 0.006 0.009 0.003 0.004 0.006 0.003 
 180   (0.015) 0.003 0.009 0.002 0.013 0.010 0.003 0.003 0.006 0.004 
 142   (0.022) 0.014 0.025 0.006 0.021 0.019 0.006 0.011 0.019 0.018 

Locus 10 : 
7 alleles
5.0% missing data
 158   (0.780) 0.775 0.825 0.771 0.795 0.831 0.835 0.919 0.862 0.883 
 160   (0.118) 0.196 0.102 0.184 0.112 0.091 0.136 0.036 0.086 0.063 
 154   (0.025) 0.010 0.023 0.006 0.015 0.017 0.012 0.013 0.012 0.009 
 156   (0.020) 0.005 0.012 0.005 0.018 0.020 0.005 0.020 0.016 0.026 
 152   (0.028) 0.007 0.019 0.005 0.048 0.026 0.006 0.006 0.012 0.012 
 144   (0.014) 0.003 0.008 0.026 0.005 0.006 0.003 0.003 0.005 0.003 
 162   (0.015) 0.004 0.011 0.003 0.007 0.009 0.004 0.004 0.007 0.004 

Locus 11 : 
14 alleles
29.1% missing data
 214   (0.143) 0.074 0.154 0.043 0.258 0.213 0.090 0.117 0.142 0.150 
 220   (0.147) 0.088 0.178 0.327 0.143 0.140 0.067 0.142 0.136 0.136 
 210   (0.086) 0.041 0.102 0.047 0.074 0.080 0.233 0.077 0.082 0.080 
 218   (0.273) 0.408 0.276 0.339 0.208 0.285 0.435 0.332 0.419 0.347 
 192   (0.017) 0.008 0.012 0.004 0.009 0.010 0.007 0.006 0.011 0.007 
 194   (0.022) 0.009 0.014 0.005 0.011 0.012 0.008 0.008 0.012 0.008 
 212   (0.033) 0.013 0.037 0.052 0.021 0.022 0.012 0.031 0.022 0.040 
 222   (0.093) 0.110 0.081 0.087 0.084 0.084 0.075 0.173 0.068 0.132 
 224   (0.019) 0.061 0.012 0.004 0.009 0.010 0.006 0.006 0.009 0.006 
 216   (0.083) 0.162 0.073 0.049 0.084 0.082 0.039 0.082 0.057 0.058 
 200   (0.016) 0.004 0.011 0.003 0.018 0.011 0.004 0.004 0.007 0.005 
 204   (0.019) 0.005 0.012 0.004 0.018 0.014 0.005 0.005 0.008 0.006 
 188   (0.032) 0.012 0.026 0.032 0.051 0.026 0.011 0.009 0.017 0.019 
 208   (0.017) 0.004 0.011 0.004 0.012 0.011 0.007 0.009 0.010 0.007 

Locus 12 : 
17 alleles
18.4% missing data
 144   (0.032) 0.012 0.031 0.025 0.077 0.042 0.012 0.010 0.020 0.016 
 162   (0.041) 0.015 0.050 0.012 0.059 0.044 0.015 0.016 0.034 0.033 
 170   (0.047) 0.044 0.037 0.012 0.037 0.034 0.051 0.041 0.033 0.024 
 148   (0.091) 0.134 0.068 0.187 0.087 0.085 0.045 0.130 0.111 0.126 
 142   (0.078) 0.264 0.057 0.049 0.066 0.069 0.043 0.108 0.116 0.042 
 154   (0.041) 0.086 0.030 0.040 0.029 0.036 0.013 0.051 0.022 0.018 
 146   (0.336) 0.294 0.420 0.495 0.362 0.386 0.377 0.422 0.362 0.499 
 164   (0.059) 0.027 0.054 0.023 0.064 0.052 0.027 0.051 0.049 0.023 
 168   (0.028) 0.009 0.024 0.006 0.020 0.029 0.009 0.008 0.040 0.025 
 156   (0.055) 0.022 0.042 0.109 0.032 0.044 0.273 0.043 0.071 0.036 
 172   (0.040) 0.037 0.047 0.011 0.026 0.028 0.038 0.019 0.023 0.050 
 166   (0.055) 0.025 0.050 0.014 0.054 0.059 0.055 0.044 0.071 0.039 
 158   (0.028) 0.007 0.040 0.005 0.029 0.021 0.008 0.007 0.014 0.039 
 150   (0.016) 0.004 0.011 0.003 0.007 0.009 0.016 0.005 0.008 0.008 
 174   (0.015) 0.004 0.009 0.003 0.016 0.011 0.003 0.003 0.005 0.004 
 182   (0.014) 0.004 0.013 0.003 0.008 0.008 0.004 0.004 0.008 0.009 
 160   (0.025) 0.013 0.019 0.004 0.029 0.043 0.009 0.038 0.012 0.008 

Locus 13 : 
15 alleles
31.2% missing data
 285   (0.304) 0.421 0.285 0.436 0.306 0.333 0.393 0.297 0.238 0.250 
 291   (0.137) 0.060 0.115 0.083 0.170 0.159 0.170 0.319 0.081 0.132 
 289   (0.171) 0.255 0.241 0.082 0.144 0.188 0.089 0.131 0.238 0.298 
 277   (0.039) 0.018 0.031 0.016 0.049 0.039 0.018 0.053 0.029 0.044 
 273   (0.039) 0.069 0.028 0.010 0.020 0.026 0.124 0.024 0.243 0.017 
 293   (0.048) 0.045 0.056 0.016 0.059 0.041 0.023 0.020 0.031 0.081 
 287   (0.043) 0.028 0.038 0.294 0.042 0.029 0.016 0.014 0.025 0.019 
 295   (0.053) 0.022 0.048 0.014 0.065 0.049 0.026 0.074 0.028 0.037 
 301   (0.017) 0.007 0.012 0.005 0.010 0.011 0.006 0.015 0.008 0.009 
 303   (0.025) 0.008 0.019 0.006 0.013 0.015 0.069 0.009 0.014 0.019 
 279   (0.024) 0.009 0.034 0.008 0.016 0.029 0.010 0.015 0.012 0.031 
 181   (0.019) 0.013 0.012 0.005 0.009 0.011 0.010 0.006 0.014 0.006 
 283   (0.032) 0.009 0.023 0.012 0.061 0.039 0.010 0.009 0.016 0.017 
 281   (0.013) 0.004 0.009 0.003 0.007 0.008 0.027 0.004 0.006 0.007 
 297   (0.035) 0.032 0.048 0.011 0.028 0.023 0.010 0.011 0.017 0.034 

Values of parameters used in structure:
DATAFILE=bws18_structure.txt,	OUTFILE=bws18_structurek9_3_results,	NUMINDS=141,	NUMLOCI=13,	MISSING=-9,	LABEL=1,	POPDATA=1,	POPFLAG=0,	PHENOTYPE=0,	EXTRACOLS=0,	MAXPOPS=9,	BURNIN=10000,	NUMREPS=20000,	USEPOPINFO=0,	INFERALPHA=1,	INFERLAMBDA=0,	POPSPECIFICLAMBDA=0,	POPALPHAS=0,	COMPUTEPROB=1,	NOADMIX=0,	ADMBURNIN=500,	UPDATEFREQ=100,	PRINTLIKES=0,	INTERMEDSAVE=0,	PRINTKLD=0,	PRINTNET=1,	PRINTLAMBDA=1,	ANCESTDIST=0,	NUMBOXES=1000,	ANCESTPINT=0.90000,	GENSBACK=2,	MIGRPRIOR=0.01000,	PRINTQHAT=0,	PRINTQSUM=1,	ALPHA=1.0000,	FREQSCORR=1,	FPRIORMEAN=0.0100,	FPRIORSD=0.0500,	ONEFST=0,	LAMBDA=1.0000,	UNIFPRIORALPHA=1,	ALPHAMAX=10.0000,	ALPHAPRIORA=1.0000,	ALPHAPRIORB=2.0000,	ALPHAPROPSD=0.0250,	STARTATPOPINFO=0,	RANDOMIZE=1,	LINKAGE=0,	METROFREQ=10,	REPORTHITRATE=0,	MARKOVPHASE=0,	PHASED=0,	PLOIDY=2,	PHASEINFO=0	LOCPRIOR=0, 	LOCPRIORINIT=1.000000, 	LOCDATA=0, 	LOCISPOP=1, 	LOCPRIORSTEP=0.100000, 	MAXLOCPRIOR=20.000000, 	SEED=1680179805,	
[STRAT parameters]:    NUMSIMSTATS=1000,	PHENOTYPECOL=-9,	POOLFREQ=10,	LOCUSxONLY=0,	EMERROR=0.00100,	MISSINGPHENO=-9,	