

----------------------------------------------------
STRUCTURE by Pritchard, Stephens and Donnelly (2000)
     and Falush, Stephens and Pritchard (2003)
       Code by Pritchard, Falush and Hubisz
             Version 2.3.4 (Jul 2012)
----------------------------------------------------



Command line arguments:   ./structure -m mainparams_bws17_k6_2 
Input File:    bws17_structure.txt

Run parameters:
   97 individuals
   12 loci
   6 populations assumed
   10000 Burn-in period
   20000 Reps


--------------------------------------------
Proportion of membership of each pre-defined
 population in each of the 6 clusters

Given    Inferred Clusters                            Number of
 Pop       1      2      3      4      5      6      Individuals

  1:     0.226  0.070  0.092  0.238  0.118  0.255       15
  2:     0.233  0.051  0.209  0.197  0.085  0.226       21
  3:     0.222  0.009  0.192  0.284  0.111  0.182       22
  4:     0.132  0.103  0.192  0.281  0.080  0.212       10
  5:     0.240  0.099  0.115  0.200  0.088  0.257       12
  6:     0.100  0.005  0.127  0.252  0.443  0.073       17
--------------------------------------------

Allele-freq. divergence among pops (Net nucleotide distance),
computed using point estimates of P.

      1       2       3       4       5       6      
 1      -    0.1491  0.0057  0.0097  0.0271  0.0056  
 2   0.1491     -    0.1181  0.1621  0.1819  0.1645  
 3   0.0057  0.1181     -    0.0112  0.0278  0.0121  
 4   0.0097  0.1621  0.0112     -    0.0279  0.0140  
 5   0.0271  0.1819  0.0278  0.0279     -    0.0354  
 6   0.0056  0.1645  0.0121  0.0140  0.0354     -    

Average distances (expected heterozygosity) between individuals in same cluster:
cluster  1  : 0.6733 
cluster  2  : 0.7339 
cluster  3  : 0.7459 
cluster  4  : 0.6431 
cluster  5  : 0.6265 
cluster  6  : 0.6438 

--------------------------------------------
Estimated Ln Prob of Data   = -3437.9
Mean value of ln likelihood = -3115.7
Variance of ln likelihood   = 644.2
Mean value of alpha         = 0.0426

Mean value of Fst_1         = 0.0873
Mean value of Fst_2         = 0.2570
Mean value of Fst_3         = 0.0004
Mean value of Fst_4         = 0.0848
Mean value of Fst_5         = 0.1776
Mean value of Fst_6         = 0.1018


Inferred ancestry of individuals:
        Label (%Miss) Pop:  Inferred clusters
  1       12    (0)    1 :  0.248 0.004 0.164 0.281 0.089 0.214 
  2       45   (16)    2 :  0.201 0.008 0.084 0.276 0.214 0.216 
  3       68    (0)    3 :  0.300 0.014 0.391 0.186 0.019 0.090 
  4    0078F   (50)    6 :  0.283 0.005 0.088 0.241 0.295 0.087 
  5       89    (0)    4 :  0.139 0.004 0.201 0.460 0.012 0.183 
  6      110    (0)    4 :  0.040 0.004 0.021 0.844 0.072 0.019 
  7      124    (8)    2 :  0.079 0.029 0.694 0.105 0.063 0.030 
  8      148    (0)    4 :  0.140 0.006 0.155 0.453 0.203 0.043 
  9      192    (0)    4 :  0.258 0.008 0.541 0.047 0.038 0.108 
 10      224    (0)    3 :  0.571 0.013 0.095 0.127 0.032 0.162 
 11      304    (8)    3 :  0.151 0.004 0.011 0.011 0.031 0.792 
 12      307    (0)    3 :  0.034 0.021 0.880 0.017 0.012 0.035 
 13      315    (0)    5 :  0.332 0.004 0.072 0.282 0.211 0.099 
 14      335    (8)    2 :  0.199 0.005 0.431 0.066 0.058 0.242 
 15      336    (0)    5 :  0.138 0.004 0.216 0.071 0.023 0.548 
 16      385    (8)    3 :  0.389 0.004 0.164 0.244 0.070 0.130 
 17      397    (0)    5 :  0.338 0.005 0.056 0.276 0.038 0.287 
 18      398    (8)    3 :  0.139 0.005 0.123 0.620 0.043 0.070 
 19      434    (8)    2 :  0.007 0.950 0.009 0.018 0.008 0.007 
 20      445    (0)    2 :  0.346 0.006 0.176 0.092 0.079 0.300 
 21      453    (0)    1 :  0.178 0.003 0.081 0.351 0.116 0.271 
 22      456    (8)    1 :  0.292 0.012 0.051 0.406 0.065 0.174 
 23      496    (0)    1 :  0.040 0.023 0.128 0.680 0.091 0.037 
 24      564    (8)    3 :  0.506 0.005 0.037 0.013 0.106 0.334 
 25      583    (0)    3 :  0.124 0.004 0.120 0.574 0.103 0.075 
 26      655    (8)    5 :  0.432 0.006 0.112 0.058 0.020 0.372 
 27      830    (0)    3 :  0.143 0.003 0.054 0.744 0.027 0.029 
 28      879    (8)    1 :  0.348 0.006 0.152 0.096 0.012 0.386 
 29      886    (0)    3 :  0.122 0.005 0.077 0.663 0.029 0.104 
 30      897    (0)    4 :  0.097 0.007 0.798 0.021 0.020 0.058 
 31      917    (0)    4 :  0.183 0.003 0.050 0.380 0.132 0.252 
 32      933    (8)    3 :  0.103 0.030 0.307 0.208 0.184 0.168 
 33      941   (16)    3 :  0.061 0.003 0.020 0.168 0.646 0.101 
 34      966    (8)    3 :  0.395 0.004 0.258 0.095 0.045 0.203 
 35     1028    (0)    5 :  0.164 0.003 0.177 0.272 0.075 0.309 
 36     1067    (0)    4 :  0.158 0.003 0.024 0.027 0.009 0.780 
 37     1071    (0)    1 :  0.233 0.003 0.088 0.016 0.016 0.645 
 38     1112    (0)    3 :  0.131 0.004 0.103 0.650 0.071 0.041 
 39    1285B    (8)    6 :  0.121 0.007 0.087 0.499 0.219 0.067 
 40    1285D    (0)    6 :  0.056 0.003 0.044 0.564 0.314 0.018 
 41    1285E    (0)    6 :  0.029 0.005 0.706 0.152 0.088 0.020 
 42    1285F   (25)    6 :  0.310 0.004 0.035 0.031 0.556 0.064 
 43    1285G    (0)    6 :  0.176 0.006 0.021 0.056 0.725 0.016 
 44    1285I    (0)    6 :  0.058 0.004 0.059 0.793 0.062 0.023 
 45     1287   (41)    5 :  0.153 0.171 0.100 0.129 0.039 0.409 
 46     1312    (8)    5 :  0.006 0.962 0.017 0.007 0.006 0.004 
 47     1326   (16)    4 :  0.120 0.006 0.057 0.492 0.252 0.074 
 48     1343    (8)    3 :  0.534 0.006 0.090 0.214 0.031 0.125 
 49     1353    (0)    3 :  0.267 0.003 0.033 0.031 0.031 0.635 
 50     1357    (8)    2 :  0.287 0.004 0.244 0.062 0.043 0.361 
 51     1362    (0)    4 :  0.185 0.004 0.071 0.078 0.059 0.603 
 52     1391    (8)    2 :  0.016 0.004 0.860 0.081 0.013 0.026 
 53     1409    (0)    2 :  0.252 0.005 0.089 0.296 0.198 0.160 
 54     1424    (8)    1 :  0.268 0.004 0.164 0.019 0.204 0.341 
 55    1424C   (33)    1 :  0.078 0.012 0.033 0.290 0.554 0.033 
 56    1424E   (16)    1 :  0.250 0.003 0.034 0.062 0.123 0.528 
 57    1424F   (33)    1 :  0.340 0.004 0.122 0.031 0.052 0.450 
 58    1424G   (33)    1 :  0.388 0.007 0.074 0.032 0.104 0.394 
 59     1432    (0)    6 :  0.052 0.003 0.024 0.490 0.406 0.025 
 60     1442    (0)    2 :  0.232 0.004 0.250 0.202 0.043 0.270 
 61     1450   (25)    5 :  0.231 0.004 0.246 0.157 0.171 0.190 
 62     1476    (0)    2 :  0.471 0.004 0.064 0.037 0.016 0.407 
 63     1519    (0)    2 :  0.289 0.004 0.020 0.376 0.147 0.164 
 64     1568    (0)    3 :  0.165 0.003 0.314 0.412 0.030 0.076 
 65     1579   (25)    2 :  0.173 0.004 0.019 0.133 0.033 0.638 
 66     1614    (8)    2 :  0.116 0.004 0.211 0.152 0.089 0.429 
 67     1617   (16)    1 :  0.009 0.961 0.010 0.007 0.006 0.007 
 68     1621    (0)    2 :  0.137 0.004 0.091 0.529 0.090 0.148 
 69     1825    (8)    2 :  0.148 0.004 0.281 0.178 0.036 0.353 
 70     1829    (8)    1 :  0.120 0.003 0.060 0.608 0.179 0.029 
 71     1836    (0)    4 :  0.003 0.984 0.005 0.003 0.003 0.002 
 72     1868   (41)    3 :  0.011 0.050 0.900 0.007 0.011 0.021 
 73     1900    (0)    2 :  0.286 0.004 0.092 0.418 0.086 0.115 
 74     1923    (0)    2 :  0.498 0.004 0.244 0.063 0.043 0.148 
 75     1924    (8)    6 :  0.014 0.004 0.019 0.087 0.860 0.016 
 76     1938    (0)    2 :  0.324 0.004 0.212 0.221 0.132 0.107 
 77     1945    (0)    5 :  0.156 0.004 0.071 0.670 0.064 0.036 
 78     2016   (16)    1 :  0.182 0.004 0.069 0.386 0.141 0.217 
 79     2066   (16)    5 :  0.297 0.004 0.106 0.070 0.052 0.472 
 80     3027    (8)    2 :  0.335 0.005 0.162 0.228 0.066 0.204 
 81     3051    (0)    3 :  0.074 0.004 0.009 0.305 0.583 0.026 
 82     3056    (0)    2 :  0.316 0.004 0.120 0.213 0.263 0.085 
 83     3079    (0)    5 :  0.440 0.013 0.166 0.080 0.015 0.288 
 84     3093   (16)    3 :  0.213 0.006 0.027 0.487 0.115 0.152 
 85    3129B   (41)    6 :  0.035 0.005 0.688 0.204 0.044 0.024 
 86    3129C   (41)    6 :  0.187 0.007 0.031 0.092 0.058 0.624 
 87    3129H   (25)    6 :  0.048 0.005 0.078 0.050 0.794 0.026 
 88    3129L   (41)    6 :  0.073 0.005 0.107 0.084 0.710 0.021 
 89    3129N   (41)    6 :  0.070 0.005 0.034 0.100 0.714 0.077 
 90    3129O   (25)    6 :  0.067 0.005 0.054 0.125 0.713 0.036 
 91    3129P    (8)    6 :  0.020 0.003 0.017 0.063 0.881 0.016 
 92     3141    (0)    3 :  0.266 0.004 0.061 0.435 0.093 0.141 
 93     3144    (0)    2 :  0.175 0.004 0.030 0.392 0.072 0.327 
 94     3167    (0)    1 :  0.417 0.006 0.150 0.305 0.024 0.098 
 95     3174    (8)    5 :  0.190 0.007 0.046 0.334 0.347 0.075 
 96     3177    (0)    6 :  0.108 0.004 0.062 0.652 0.089 0.085 
 97     3271    (8)    3 :  0.185 0.004 0.151 0.044 0.121 0.495 


Estimated Allele Frequencies in each cluster
First column gives estimated ancestral frequencies


Locus 1 : 
6 alleles
0.0% missing data
 148   (0.670) 0.761 0.198 0.670 0.852 0.575 0.813 
 146   (0.124) 0.112 0.035 0.125 0.059 0.216 0.078 
 147   (0.113) 0.105 0.031 0.113 0.070 0.195 0.089 
 160   (0.055) 0.014 0.643 0.056 0.011 0.008 0.012 
 172   (0.020) 0.005 0.086 0.020 0.004 0.003 0.004 
 158   (0.017) 0.004 0.006 0.018 0.004 0.003 0.004 

Locus 2 : 
18 alleles
1.0% missing data
 199   (0.059) 0.108 0.018 0.059 0.044 0.026 0.053 
 201   (0.156) 0.172 0.043 0.156 0.313 0.309 0.164 
 197   (0.257) 0.282 0.077 0.257 0.335 0.454 0.399 
 205   (0.102) 0.090 0.030 0.102 0.088 0.035 0.067 
 211   (0.070) 0.081 0.021 0.071 0.053 0.042 0.059 
 225   (0.026) 0.015 0.007 0.027 0.013 0.005 0.009 
 207   (0.021) 0.011 0.006 0.021 0.009 0.006 0.015 
 217   (0.020) 0.014 0.006 0.020 0.005 0.008 0.016 
 193   (0.040) 0.042 0.011 0.040 0.039 0.012 0.019 
 203   (0.045) 0.050 0.013 0.045 0.019 0.013 0.046 
 191   (0.059) 0.075 0.016 0.059 0.043 0.030 0.097 
 255   (0.018) 0.004 0.423 0.018 0.004 0.003 0.004 
 195   (0.024) 0.009 0.007 0.025 0.005 0.004 0.007 
 223   (0.016) 0.012 0.005 0.016 0.005 0.003 0.008 
 241   (0.024) 0.007 0.225 0.023 0.005 0.004 0.008 
 237   (0.017) 0.005 0.083 0.017 0.004 0.003 0.004 
 213   (0.028) 0.016 0.008 0.028 0.008 0.039 0.022 
 215   (0.017) 0.007 0.004 0.017 0.010 0.003 0.005 

Locus 3 : 
10 alleles
9.3% missing data
 201   (0.267) 0.322 0.259 0.266 0.356 0.275 0.306 
 210   (0.135) 0.145 0.127 0.135 0.116 0.048 0.189 
 204   (0.196) 0.242 0.057 0.196 0.177 0.148 0.180 
 207   (0.280) 0.248 0.083 0.280 0.324 0.505 0.274 
 214   (0.020) 0.005 0.006 0.021 0.004 0.004 0.005 
 192   (0.021) 0.005 0.272 0.020 0.004 0.004 0.004 
 198   (0.018) 0.009 0.005 0.018 0.004 0.004 0.018 
 189   (0.022) 0.005 0.091 0.022 0.005 0.004 0.005 
 219   (0.022) 0.013 0.007 0.022 0.005 0.005 0.014 
 183   (0.019) 0.005 0.093 0.019 0.004 0.003 0.004 

Locus 4 : 
14 alleles
3.1% missing data
 140   (0.146) 0.181 0.039 0.146 0.166 0.363 0.140 
 142   (0.158) 0.187 0.046 0.158 0.158 0.097 0.268 
 138   (0.094) 0.106 0.379 0.093 0.082 0.063 0.089 
 152   (0.027) 0.025 0.007 0.027 0.019 0.027 0.011 
 146   (0.030) 0.015 0.007 0.030 0.033 0.006 0.014 
 132   (0.118) 0.073 0.108 0.118 0.230 0.236 0.058 
 134   (0.073) 0.097 0.318 0.073 0.042 0.025 0.060 
 130   (0.081) 0.119 0.021 0.081 0.050 0.106 0.105 
 136   (0.107) 0.108 0.032 0.107 0.108 0.038 0.125 
 128   (0.043) 0.030 0.011 0.043 0.013 0.009 0.044 
 150   (0.017) 0.005 0.005 0.017 0.004 0.003 0.004 
 144   (0.063) 0.043 0.016 0.063 0.078 0.020 0.072 
 148   (0.026) 0.007 0.006 0.026 0.009 0.005 0.006 
 160   (0.018) 0.005 0.005 0.018 0.006 0.003 0.004 

Locus 5 : 
9 alleles
7.2% missing data
 257   (0.273) 0.288 0.086 0.273 0.356 0.147 0.372 
 259   (0.412) 0.498 0.196 0.412 0.470 0.772 0.468 
 271   (0.076) 0.058 0.104 0.076 0.087 0.028 0.028 
 273   (0.048) 0.027 0.559 0.048 0.014 0.011 0.021 
 255   (0.046) 0.024 0.014 0.047 0.012 0.010 0.028 
 261   (0.065) 0.070 0.018 0.065 0.037 0.016 0.055 
 269   (0.027) 0.022 0.008 0.027 0.011 0.007 0.014 
 243   (0.034) 0.009 0.009 0.034 0.009 0.006 0.008 
 265   (0.019) 0.005 0.007 0.019 0.004 0.003 0.005 

Locus 6 : 
11 alleles
26.8% missing data
 155   (0.385) 0.452 0.175 0.385 0.564 0.380 0.492 
 170   (0.097) 0.098 0.045 0.097 0.071 0.043 0.055 
 173   (0.042) 0.017 0.018 0.042 0.052 0.029 0.016 
 164   (0.082) 0.057 0.038 0.082 0.113 0.068 0.035 
 158   (0.195) 0.238 0.365 0.195 0.136 0.127 0.314 
 149   (0.041) 0.019 0.021 0.041 0.012 0.015 0.023 
 188   (0.035) 0.065 0.014 0.035 0.011 0.191 0.025 
 161   (0.034) 0.011 0.284 0.034 0.008 0.010 0.010 
 152   (0.020) 0.006 0.008 0.020 0.006 0.006 0.006 
 143   (0.038) 0.013 0.019 0.038 0.011 0.107 0.012 
 200   (0.030) 0.024 0.012 0.030 0.017 0.024 0.013 

Locus 7 : 
18 alleles
5.2% missing data
 145   (0.067) 0.103 0.020 0.067 0.039 0.059 0.176 
 157   (0.041) 0.020 0.013 0.041 0.019 0.016 0.022 
 137   (0.063) 0.048 0.019 0.063 0.067 0.096 0.051 
 159   (0.070) 0.051 0.021 0.070 0.053 0.162 0.049 
 149   (0.114) 0.117 0.125 0.114 0.097 0.086 0.095 
 151   (0.112) 0.141 0.034 0.113 0.137 0.253 0.074 
 139   (0.044) 0.025 0.013 0.045 0.033 0.008 0.023 
 147   (0.128) 0.126 0.118 0.128 0.298 0.127 0.125 
 153   (0.064) 0.045 0.102 0.063 0.109 0.101 0.026 
 141   (0.076) 0.160 0.023 0.077 0.035 0.029 0.216 
 161   (0.063) 0.072 0.104 0.062 0.042 0.019 0.057 
 143   (0.020) 0.011 0.006 0.020 0.005 0.004 0.035 
 165   (0.048) 0.044 0.109 0.048 0.036 0.020 0.025 
 181   (0.019) 0.008 0.005 0.019 0.010 0.006 0.010 
 135   (0.016) 0.004 0.005 0.016 0.005 0.004 0.004 
 155   (0.017) 0.005 0.273 0.017 0.003 0.003 0.003 
 177   (0.018) 0.015 0.005 0.018 0.004 0.004 0.006 
 132   (0.018) 0.005 0.005 0.018 0.007 0.004 0.004 

Locus 8 : 
6 alleles
28.9% missing data
 132   (0.140) 0.146 0.064 0.140 0.127 0.211 0.110 
 138   (0.740) 0.792 0.610 0.741 0.826 0.710 0.777 
 135   (0.024) 0.011 0.011 0.024 0.007 0.005 0.022 
 141   (0.035) 0.018 0.016 0.035 0.014 0.060 0.030 
 144   (0.038) 0.027 0.016 0.037 0.020 0.010 0.054 
 129   (0.022) 0.007 0.282 0.022 0.006 0.004 0.006 

Locus 9 : 
14 alleles
14.4% missing data
 266   (0.037) 0.018 0.093 0.037 0.041 0.015 0.015 
 288   (0.042) 0.027 0.012 0.043 0.019 0.013 0.024 
 282   (0.194) 0.147 0.147 0.194 0.220 0.300 0.130 
 286   (0.120) 0.144 0.220 0.119 0.185 0.131 0.087 
 278   (0.150) 0.261 0.131 0.149 0.150 0.159 0.143 
 280   (0.160) 0.187 0.131 0.161 0.151 0.075 0.225 
 274   (0.066) 0.048 0.021 0.067 0.028 0.019 0.107 
 276   (0.035) 0.020 0.010 0.035 0.101 0.027 0.013 
 292   (0.019) 0.006 0.007 0.019 0.006 0.006 0.005 
 270   (0.046) 0.020 0.013 0.045 0.026 0.164 0.044 
 272   (0.031) 0.031 0.009 0.030 0.008 0.010 0.120 
 284   (0.064) 0.077 0.018 0.063 0.058 0.069 0.068 
 300   (0.019) 0.005 0.184 0.019 0.004 0.004 0.005 
 290   (0.018) 0.009 0.005 0.018 0.005 0.008 0.015 

Locus 10 : 
18 alleles
1.0% missing data
 146   (0.332) 0.468 0.103 0.332 0.508 0.432 0.522 
 172   (0.036) 0.019 0.011 0.036 0.036 0.011 0.014 
 166   (0.046) 0.025 0.203 0.046 0.033 0.037 0.019 
 160   (0.075) 0.091 0.021 0.076 0.051 0.022 0.087 
 186   (0.023) 0.006 0.186 0.023 0.006 0.004 0.005 
 158   (0.026) 0.015 0.007 0.026 0.027 0.014 0.011 
 170   (0.072) 0.085 0.020 0.072 0.063 0.041 0.037 
 148   (0.098) 0.117 0.027 0.098 0.078 0.077 0.168 
 178   (0.028) 0.008 0.011 0.028 0.017 0.006 0.007 
 168   (0.066) 0.061 0.018 0.066 0.097 0.220 0.032 
 164   (0.025) 0.041 0.007 0.025 0.006 0.007 0.042 
 180   (0.026) 0.014 0.007 0.026 0.006 0.005 0.015 
 174   (0.043) 0.015 0.099 0.043 0.022 0.059 0.012 
 184   (0.021) 0.005 0.178 0.021 0.004 0.003 0.004 
 162   (0.025) 0.009 0.007 0.025 0.009 0.005 0.012 
 194   (0.018) 0.004 0.085 0.018 0.004 0.003 0.004 
 154   (0.019) 0.010 0.005 0.019 0.026 0.007 0.005 
 144   (0.020) 0.008 0.005 0.020 0.007 0.047 0.005 

Locus 11 : 
9 alleles
1.0% missing data
 158   (0.758) 0.894 0.207 0.759 0.838 0.931 0.921 
 160   (0.065) 0.037 0.018 0.065 0.085 0.023 0.024 
 154   (0.032) 0.014 0.009 0.033 0.025 0.006 0.012 
 170   (0.027) 0.009 0.012 0.027 0.008 0.006 0.006 
 152   (0.031) 0.009 0.491 0.031 0.016 0.006 0.009 
 162   (0.019) 0.005 0.082 0.019 0.004 0.003 0.004 
 166   (0.024) 0.006 0.169 0.024 0.005 0.004 0.005 
 144   (0.019) 0.007 0.005 0.019 0.006 0.003 0.011 
 156   (0.023) 0.019 0.006 0.023 0.012 0.017 0.008 

Locus 12 : 
12 alleles
10.3% missing data
 218   (0.320) 0.390 0.099 0.320 0.363 0.567 0.460 
 212   (0.063) 0.066 0.018 0.063 0.079 0.050 0.027 
 222   (0.068) 0.084 0.019 0.067 0.070 0.035 0.071 
 214   (0.126) 0.102 0.036 0.126 0.146 0.054 0.157 
 220   (0.179) 0.174 0.052 0.180 0.182 0.197 0.150 
 216   (0.078) 0.107 0.022 0.078 0.103 0.051 0.050 
 210   (0.040) 0.038 0.012 0.040 0.025 0.017 0.040 
 202   (0.030) 0.007 0.370 0.030 0.006 0.006 0.007 
 224   (0.034) 0.015 0.009 0.035 0.014 0.011 0.024 
 200   (0.018) 0.005 0.178 0.018 0.004 0.004 0.004 
 206   (0.024) 0.006 0.179 0.024 0.005 0.005 0.005 
 194   (0.019) 0.005 0.007 0.019 0.004 0.004 0.004 

Values of parameters used in structure:
DATAFILE=bws17_structure.txt,	OUTFILE=bws17_structurek6_2_results,	NUMINDS=97,	NUMLOCI=12,	MISSING=-9,	LABEL=1,	POPDATA=1,	POPFLAG=0,	PHENOTYPE=0,	EXTRACOLS=0,	MAXPOPS=6,	BURNIN=10000,	NUMREPS=20000,	USEPOPINFO=0,	INFERALPHA=1,	INFERLAMBDA=0,	POPSPECIFICLAMBDA=0,	POPALPHAS=0,	COMPUTEPROB=1,	NOADMIX=0,	ADMBURNIN=500,	UPDATEFREQ=100,	PRINTLIKES=0,	INTERMEDSAVE=0,	PRINTKLD=0,	PRINTNET=1,	PRINTLAMBDA=1,	ANCESTDIST=0,	NUMBOXES=1000,	ANCESTPINT=0.90000,	GENSBACK=2,	MIGRPRIOR=0.01000,	PRINTQHAT=0,	PRINTQSUM=1,	ALPHA=1.0000,	FREQSCORR=1,	FPRIORMEAN=0.0100,	FPRIORSD=0.0500,	ONEFST=0,	LAMBDA=1.0000,	UNIFPRIORALPHA=1,	ALPHAMAX=10.0000,	ALPHAPRIORA=1.0000,	ALPHAPRIORB=2.0000,	ALPHAPROPSD=0.0250,	STARTATPOPINFO=0,	RANDOMIZE=1,	LINKAGE=0,	METROFREQ=10,	REPORTHITRATE=0,	MARKOVPHASE=0,	PHASED=0,	PLOIDY=2,	PHASEINFO=0	LOCPRIOR=0, 	LOCPRIORINIT=1.000000, 	LOCDATA=0, 	LOCISPOP=1, 	LOCPRIORSTEP=0.100000, 	MAXLOCPRIOR=20.000000, 	SEED=1682096232,	
[STRAT parameters]:    NUMSIMSTATS=1000,	PHENOTYPECOL=-9,	POOLFREQ=10,	LOCUSxONLY=0,	EMERROR=0.00100,	MISSINGPHENO=-9,	