

----------------------------------------------------
STRUCTURE by Pritchard, Stephens and Donnelly (2000)
     and Falush, Stephens and Pritchard (2003)
       Code by Pritchard, Falush and Hubisz
             Version 2.3.4 (Jul 2012)
----------------------------------------------------



Command line arguments:   ./structure -m mainparams_bws18_k8_3 
Input File:    bws18_structure.txt

Run parameters:
   141 individuals
   13 loci
   8 populations assumed
   10000 Burn-in period
   20000 Reps


--------------------------------------------
Proportion of membership of each pre-defined
 population in each of the 8 clusters

Given    Inferred Clusters                                          Number of
 Pop       1      2      3      4      5      6      7      8      Individuals

 17:     0.102  0.069  0.153  0.123  0.123  0.121  0.124  0.185       18
 22:     0.168  0.036  0.115  0.128  0.174  0.148  0.118  0.113       11
 29:     0.126  0.075  0.103  0.174  0.133  0.146  0.094  0.149       14
 62:     0.115  0.144  0.104  0.115  0.104  0.146  0.176  0.096       20
122:     0.150  0.060  0.098  0.102  0.213  0.081  0.075  0.221       14
193:     0.134  0.190  0.060  0.159  0.112  0.146  0.095  0.104       14
205:     0.224  0.048  0.144  0.139  0.134  0.128  0.087  0.095       21
286:     0.138  0.101  0.167  0.135  0.090  0.162  0.117  0.089       14
328:     0.069  0.288  0.066  0.092  0.114  0.130  0.153  0.089       15
--------------------------------------------

Allele-freq. divergence among pops (Net nucleotide distance),
computed using point estimates of P.

      1       2       3       4       5       6       7       8      
 1      -    0.0360  0.0295  0.0026  0.0091  0.0067  0.0186  0.0052  
 2   0.0360     -    0.0523  0.0366  0.0394  0.0384  0.0468  0.0327  
 3   0.0295  0.0523     -    0.0254  0.0320  0.0229  0.0276  0.0195  
 4   0.0026  0.0366  0.0254     -    0.0080  0.0032  0.0138  0.0037  
 5   0.0091  0.0394  0.0320  0.0080     -    0.0104  0.0163  0.0073  
 6   0.0067  0.0384  0.0229  0.0032  0.0104     -    0.0051  0.0046  
 7   0.0186  0.0468  0.0276  0.0138  0.0163  0.0051     -    0.0116  
 8   0.0052  0.0327  0.0195  0.0037  0.0073  0.0046  0.0116     -    

Average distances (expected heterozygosity) between individuals in same cluster:
cluster  1  : 0.6875 
cluster  2  : 0.6212 
cluster  3  : 0.6732 
cluster  4  : 0.6928 
cluster  5  : 0.6876 
cluster  6  : 0.6824 
cluster  7  : 0.6616 
cluster  8  : 0.7376 

--------------------------------------------
Estimated Ln Prob of Data   = -5322.1
Mean value of ln likelihood = -4726.1
Variance of ln likelihood   = 1192.0
Mean value of alpha         = 0.0686

Mean value of Fst_1         = 0.0917
Mean value of Fst_2         = 0.1804
Mean value of Fst_3         = 0.1380
Mean value of Fst_4         = 0.0943
Mean value of Fst_5         = 0.0846
Mean value of Fst_6         = 0.1086
Mean value of Fst_7         = 0.1347
Mean value of Fst_8         = 0.0020


Inferred ancestry of individuals:
        Label (%Miss) Pop:  Inferred clusters
  1    0079C    (0)   17 :  0.257 0.085 0.027 0.167 0.179 0.067 0.040 0.178 
  2    0079D    (0)   17 :  0.110 0.023 0.034 0.140 0.327 0.131 0.126 0.110 
  3    0079E   (23)   17 :  0.045 0.023 0.113 0.106 0.089 0.110 0.142 0.373 
  4    0079G    (0)   17 :  0.184 0.081 0.028 0.153 0.120 0.102 0.094 0.238 
  5    0082A    (0)   17 :  0.035 0.022 0.645 0.066 0.025 0.064 0.042 0.099 
  6    0082B    (0)   17 :  0.022 0.017 0.163 0.095 0.022 0.301 0.337 0.043 
  7    0082C   (15)   17 :  0.110 0.644 0.058 0.042 0.028 0.047 0.033 0.038 
  8    0082D   (23)   17 :  0.078 0.077 0.039 0.179 0.052 0.138 0.147 0.290 
  9    0121B   (38)   22 :  0.065 0.033 0.589 0.063 0.048 0.060 0.064 0.079 
 10    0121C    (0)   22 :  0.335 0.040 0.021 0.204 0.049 0.209 0.028 0.114 
 11    0147A   (38)   29 :  0.061 0.177 0.069 0.087 0.066 0.085 0.199 0.255 
 12    0147B    (7)   29 :  0.256 0.023 0.028 0.283 0.060 0.259 0.042 0.050 
 13    0147D   (30)   29 :  0.088 0.012 0.022 0.257 0.064 0.276 0.162 0.120 
 14    0167A    (0)   17 :  0.137 0.011 0.028 0.169 0.253 0.162 0.092 0.149 
 15    0167B    (0)   17 :  0.063 0.051 0.067 0.070 0.322 0.079 0.240 0.108 
 16    0167C    (0)   17 :  0.025 0.015 0.703 0.052 0.027 0.073 0.033 0.071 
 17    0309A    (0)   62 :  0.031 0.017 0.015 0.031 0.024 0.293 0.566 0.023 
 18    0309C    (0)   62 :  0.229 0.024 0.030 0.109 0.287 0.075 0.099 0.147 
 19    0309D   (30)   62 :  0.040 0.024 0.131 0.110 0.023 0.172 0.441 0.061 
 20    0309E   (15)   62 :  0.037 0.055 0.036 0.039 0.046 0.241 0.458 0.088 
 21    0625A    (7)   122 :  0.090 0.045 0.037 0.201 0.174 0.121 0.232 0.100 
 22    0625B    (0)   122 :  0.068 0.072 0.058 0.109 0.234 0.121 0.195 0.143 
 23    0625C    (0)   122 :  0.125 0.090 0.030 0.042 0.429 0.059 0.055 0.170 
 24    0625D    (0)   122 :  0.131 0.204 0.064 0.081 0.230 0.100 0.093 0.097 
 25    1029C   (23)   193 :  0.146 0.029 0.014 0.241 0.030 0.302 0.153 0.085 
 26    1029D   (30)   193 :  0.152 0.056 0.025 0.267 0.112 0.220 0.062 0.107 
 27    1029G   (46)   193 :  0.068 0.025 0.101 0.181 0.071 0.175 0.224 0.155 
 28    1187A    (0)   29 :  0.228 0.014 0.012 0.406 0.032 0.264 0.017 0.028 
 29    1187B    (0)   29 :  0.103 0.148 0.078 0.097 0.111 0.177 0.051 0.235 
 30    1187C    (0)   29 :  0.184 0.020 0.014 0.386 0.042 0.253 0.063 0.040 
 31    1187D   (15)   29 :  0.117 0.037 0.220 0.103 0.187 0.065 0.074 0.197 
 32    1187E    (0)   29 :  0.021 0.258 0.471 0.042 0.034 0.088 0.036 0.051 
 33    1314A   (15)   193 :  0.045 0.770 0.050 0.034 0.032 0.026 0.021 0.023 
 34    1314B   (15)   193 :  0.089 0.138 0.048 0.191 0.206 0.079 0.147 0.101 
 35    1314C    (0)   193 :  0.133 0.021 0.034 0.129 0.343 0.108 0.150 0.083 
 36    1314D    (0)   193 :  0.185 0.041 0.046 0.257 0.074 0.269 0.043 0.084 
 37    1314E    (7)   193 :  0.052 0.484 0.146 0.075 0.057 0.067 0.063 0.057 
 38    1319A    (0)   62 :  0.097 0.046 0.052 0.197 0.088 0.237 0.196 0.087 
 39    1319B    (7)   62 :  0.104 0.061 0.079 0.219 0.185 0.137 0.158 0.056 
 40    1600A    (0)   29 :  0.086 0.023 0.052 0.134 0.427 0.078 0.138 0.062 
 41    1600B    (0)   29 :  0.166 0.049 0.105 0.154 0.078 0.129 0.139 0.181 
 42    1600C    (7)   29 :  0.221 0.122 0.055 0.209 0.040 0.184 0.053 0.116 
 43    1630A    (7)   193 :  0.332 0.030 0.031 0.181 0.082 0.185 0.036 0.123 
 44    1630B   (15)   193 :  0.028 0.834 0.014 0.039 0.016 0.038 0.016 0.016 
 45    1630C   (46)   193 :  0.106 0.026 0.138 0.197 0.092 0.218 0.135 0.087 
 46    1711A    (7)   286 :  0.033 0.021 0.141 0.132 0.027 0.314 0.284 0.048 
 47    1711B    (0)   286 :  0.026 0.029 0.129 0.141 0.026 0.329 0.253 0.067 
 48    1711C   (46)   286 :  0.026 0.812 0.016 0.027 0.042 0.025 0.023 0.027 
 49    1711D   (23)   286 :  0.182 0.022 0.017 0.096 0.084 0.143 0.264 0.192 
 50    1711E   (30)   286 :  0.056 0.010 0.041 0.134 0.029 0.276 0.398 0.056 
 51    1715A    (0)   205 :  0.446 0.097 0.016 0.122 0.060 0.175 0.046 0.037 
 52    1715B    (0)   205 :  0.495 0.021 0.018 0.123 0.031 0.214 0.054 0.044 
 53    1715C    (0)   205 :  0.120 0.043 0.206 0.134 0.033 0.088 0.042 0.335 
 54    1715D    (0)   205 :  0.120 0.009 0.054 0.211 0.224 0.150 0.185 0.047 
 55    1715E    (0)   205 :  0.279 0.032 0.042 0.218 0.115 0.185 0.053 0.076 
 56    1726A    (0)   205 :  0.476 0.028 0.017 0.186 0.044 0.181 0.030 0.039 
 57    1726B   (23)   205 :  0.159 0.137 0.106 0.168 0.169 0.110 0.061 0.091 
 58    1783A   (46)   205 :  0.426 0.018 0.016 0.180 0.096 0.143 0.051 0.069 
 59    1783B    (0)   205 :  0.121 0.041 0.034 0.193 0.042 0.348 0.133 0.087 
 60    1783C    (0)   205 :  0.353 0.035 0.094 0.137 0.077 0.120 0.089 0.095 
 61    1783D    (0)   205 :  0.411 0.017 0.012 0.283 0.042 0.192 0.014 0.030 
 62    1783E    (0)   205 :  0.270 0.023 0.060 0.137 0.162 0.054 0.050 0.244 
 63    2008C    (0)   62 :  0.167 0.010 0.030 0.253 0.049 0.234 0.096 0.161 
 64    2008D    (0)   62 :  0.136 0.023 0.114 0.121 0.105 0.136 0.159 0.206 
 65    2008E    (7)   62 :  0.080 0.091 0.039 0.090 0.084 0.198 0.321 0.096 
 66    2008F   (38)   62 :  0.140 0.446 0.069 0.087 0.108 0.060 0.043 0.046 
 67    2008G    (7)   62 :  0.130 0.014 0.029 0.137 0.366 0.114 0.127 0.084 
 68    2008H    (0)   62 :  0.024 0.808 0.039 0.022 0.038 0.018 0.020 0.030 
 69    2033A   (23)   328 :  0.195 0.018 0.170 0.135 0.062 0.120 0.106 0.193 
 70    2159A    (0)   328 :  0.030 0.705 0.035 0.022 0.030 0.040 0.104 0.035 
 71    2159B    (0)   328 :  0.010 0.928 0.009 0.008 0.013 0.010 0.012 0.011 
 72    2159C    (0)   328 :  0.069 0.029 0.018 0.106 0.604 0.068 0.038 0.070 
 73    2159D    (0)   328 :  0.010 0.936 0.008 0.008 0.011 0.008 0.011 0.009 
 74    2159E    (0)   328 :  0.131 0.157 0.112 0.186 0.031 0.233 0.067 0.083 
 75    2341B    (7)   62 :  0.033 0.016 0.244 0.022 0.069 0.150 0.441 0.025 
 76    2341C    (0)   62 :  0.234 0.015 0.028 0.214 0.046 0.139 0.046 0.278 
 77    2351A    (0)   62 :  0.025 0.025 0.678 0.035 0.051 0.043 0.054 0.089 
 78    2366A   (46)   122 :  0.191 0.179 0.121 0.121 0.101 0.097 0.091 0.098 
 79    2366B   (46)   122 :  0.362 0.041 0.030 0.184 0.131 0.124 0.043 0.084 
 80    2366C    (0)   122 :  0.371 0.014 0.014 0.204 0.146 0.109 0.024 0.117 
 81    2366D    (0)   122 :  0.162 0.033 0.095 0.101 0.127 0.056 0.074 0.351 
 82    2409A   (15)   122 :  0.022 0.019 0.824 0.023 0.023 0.043 0.026 0.019 
 83    2423C    (0)   205 :  0.167 0.129 0.027 0.162 0.233 0.116 0.065 0.102 
 84    2423D    (7)   205 :  0.073 0.014 0.026 0.125 0.552 0.074 0.105 0.029 
 85    2423E   (30)   205 :  0.179 0.012 0.144 0.127 0.250 0.054 0.043 0.191 
 86    2856A   (23)   22 :  0.178 0.018 0.207 0.180 0.037 0.225 0.050 0.104 
 87    2856B    (7)   22 :  0.347 0.048 0.027 0.173 0.134 0.098 0.041 0.133 
 88    2856C    (7)   22 :  0.046 0.032 0.205 0.086 0.034 0.227 0.248 0.121 
 89    2856E   (23)   22 :  0.075 0.042 0.060 0.072 0.424 0.082 0.189 0.057 
 90    3026A    (0)   17 :  0.141 0.026 0.017 0.174 0.041 0.110 0.037 0.454 
 91    3026B   (15)   17 :  0.111 0.046 0.053 0.130 0.104 0.103 0.186 0.267 
 92    3253A    (0)   205 :  0.134 0.018 0.024 0.042 0.313 0.142 0.268 0.059 
 93    3280A    (0)   328 :  0.075 0.013 0.034 0.056 0.046 0.223 0.489 0.064 
 94    3280B    (0)   328 :  0.073 0.063 0.087 0.037 0.426 0.033 0.147 0.134 
 95    3760C   (23)   122 :  0.032 0.005 0.006 0.026 0.013 0.007 0.008 0.902 
 96    4249A    (0)   193 :  0.265 0.048 0.105 0.112 0.134 0.076 0.037 0.223 
 97    4316A    (7)   17 :  0.083 0.023 0.269 0.148 0.103 0.118 0.093 0.164 
 98    4316B    (0)   17 :  0.129 0.021 0.026 0.145 0.193 0.109 0.121 0.256 
 99    4316C   (15)   17 :  0.131 0.040 0.093 0.109 0.119 0.085 0.199 0.225 
100    4316D   (15)   17 :  0.067 0.012 0.091 0.171 0.090 0.308 0.190 0.071 
101    4316E   (15)   17 :  0.103 0.019 0.300 0.101 0.124 0.080 0.079 0.194 
102    5597A   (23)   22 :  0.075 0.041 0.038 0.152 0.373 0.114 0.031 0.176 
103    5597B    (0)   22 :  0.104 0.015 0.014 0.068 0.147 0.198 0.357 0.098 
104    5597C    (0)   22 :  0.185 0.065 0.025 0.160 0.166 0.150 0.098 0.150 
105    5597D   (23)   22 :  0.330 0.039 0.042 0.180 0.079 0.185 0.086 0.058 
106    5637A    (0)   205 :  0.046 0.056 0.598 0.033 0.049 0.025 0.163 0.030 
107    5637C    (7)   205 :  0.234 0.130 0.023 0.168 0.168 0.125 0.033 0.119 
108    5637D   (38)   205 :  0.121 0.076 0.070 0.122 0.099 0.102 0.193 0.217 
109    5637E   (46)   205 :  0.040 0.035 0.696 0.031 0.030 0.051 0.079 0.037 
110    5637G   (46)   205 :  0.034 0.047 0.748 0.025 0.018 0.032 0.071 0.026 
111    5912A    (0)   286 :  0.056 0.014 0.641 0.041 0.105 0.039 0.027 0.078 
112    5912B    (0)   286 :  0.309 0.026 0.029 0.228 0.089 0.232 0.039 0.049 
113    5912C   (30)   286 :  0.012 0.012 0.902 0.020 0.013 0.012 0.011 0.017 
114    5912D   (30)   286 :  0.345 0.048 0.077 0.139 0.132 0.100 0.053 0.106 
115    5912E   (15)   286 :  0.227 0.046 0.026 0.219 0.138 0.161 0.045 0.139 
116    5954B   (38)   286 :  0.148 0.132 0.051 0.092 0.163 0.068 0.084 0.263 
117    5954C   (46)   286 :  0.109 0.224 0.232 0.121 0.059 0.091 0.125 0.039 
118    5954D   (46)   286 :  0.201 0.013 0.018 0.238 0.187 0.270 0.022 0.050 
119    5954E   (53)   286 :  0.209 0.008 0.017 0.266 0.165 0.204 0.014 0.116 
120    6136A    (0)   29 :  0.057 0.104 0.197 0.130 0.139 0.123 0.091 0.159 
121    6136B    (7)   29 :  0.049 0.039 0.111 0.059 0.102 0.027 0.220 0.392 
122    6136C   (15)   29 :  0.135 0.021 0.016 0.084 0.484 0.034 0.027 0.198 
123    6337A    (7)   328 :  0.011 0.009 0.033 0.022 0.025 0.301 0.567 0.031 
124    6337B    (0)   328 :  0.028 0.021 0.104 0.159 0.035 0.297 0.292 0.064 
125    6337C    (0)   328 :  0.041 0.016 0.144 0.149 0.039 0.250 0.219 0.142 
126    6337D   (15)   328 :  0.020 0.876 0.016 0.019 0.012 0.016 0.013 0.027 
127    6337E    (7)   328 :  0.067 0.460 0.077 0.044 0.069 0.033 0.090 0.161 
128    6382C    (0)   122 :  0.203 0.032 0.019 0.172 0.100 0.158 0.090 0.226 
129    6382E    (0)   122 :  0.172 0.066 0.022 0.064 0.499 0.040 0.030 0.108 
130    6382F   (46)   122 :  0.104 0.011 0.014 0.029 0.744 0.027 0.023 0.048 
131    6382G   (15)   122 :  0.064 0.034 0.036 0.072 0.028 0.071 0.065 0.629 
132    6514C    (0)   62 :  0.100 0.018 0.211 0.157 0.044 0.202 0.133 0.137 
133    6514E    (0)   62 :  0.223 0.084 0.080 0.141 0.100 0.180 0.042 0.149 
134    6514F    (0)   62 :  0.123 0.272 0.077 0.065 0.296 0.042 0.065 0.060 
135    6514G   (30)   62 :  0.317 0.016 0.072 0.230 0.036 0.235 0.024 0.069 
136    6514H   (15)   62 :  0.023 0.821 0.021 0.025 0.044 0.020 0.022 0.024 
137    6546B   (23)   328 :  0.115 0.020 0.066 0.198 0.228 0.108 0.057 0.209 
138    6546C   (30)   328 :  0.161 0.067 0.077 0.227 0.080 0.210 0.076 0.102 
139    6706A   (23)   193 :  0.123 0.094 0.066 0.123 0.129 0.112 0.202 0.151 
140    6706B   (30)   193 :  0.156 0.058 0.021 0.206 0.195 0.164 0.037 0.162 
141    6723B   (46)   22 :  0.105 0.028 0.034 0.064 0.424 0.080 0.112 0.152 


Estimated Allele Frequencies in each cluster
First column gives estimated ancestral frequencies


Locus 1 : 
8 alleles
3.5% missing data
 148   (0.678) 0.764 0.587 0.713 0.768 0.787 0.748 0.771 0.677 
 146   (0.128) 0.101 0.370 0.103 0.115 0.073 0.147 0.105 0.127 
 147   (0.097) 0.088 0.028 0.146 0.066 0.096 0.066 0.098 0.096 
 142   (0.027) 0.013 0.005 0.011 0.013 0.009 0.010 0.007 0.029 
 137   (0.014) 0.006 0.002 0.005 0.006 0.006 0.006 0.006 0.014 
 161   (0.027) 0.011 0.004 0.009 0.010 0.012 0.007 0.006 0.029 
 172   (0.013) 0.005 0.002 0.009 0.006 0.006 0.005 0.004 0.013 
 151   (0.015) 0.012 0.002 0.003 0.016 0.011 0.012 0.003 0.015 

Locus 2 : 
16 alleles
5.7% missing data
 197   (0.277) 0.280 0.318 0.204 0.300 0.390 0.360 0.457 0.279 
 205   (0.113) 0.122 0.024 0.072 0.143 0.105 0.136 0.109 0.113 
 199   (0.074) 0.094 0.016 0.060 0.095 0.088 0.081 0.037 0.075 
 201   (0.156) 0.196 0.314 0.171 0.151 0.167 0.111 0.093 0.157 
 203   (0.051) 0.026 0.014 0.337 0.026 0.026 0.029 0.048 0.051 
 213   (0.044) 0.029 0.008 0.019 0.027 0.029 0.061 0.100 0.043 
 227   (0.032) 0.014 0.148 0.010 0.016 0.013 0.013 0.020 0.032 
 221   (0.029) 0.019 0.109 0.008 0.017 0.012 0.016 0.008 0.028 
 211   (0.055) 0.060 0.014 0.023 0.096 0.084 0.066 0.032 0.054 
 215   (0.027) 0.010 0.010 0.051 0.013 0.011 0.020 0.012 0.027 
 217   (0.031) 0.018 0.006 0.012 0.032 0.017 0.045 0.038 0.030 
 193   (0.038) 0.072 0.008 0.011 0.048 0.021 0.029 0.012 0.038 
 191   (0.030) 0.044 0.006 0.008 0.022 0.014 0.022 0.018 0.030 
 219   (0.013) 0.005 0.003 0.004 0.004 0.013 0.004 0.006 0.013 
 241   (0.015) 0.004 0.002 0.003 0.004 0.004 0.003 0.003 0.016 
 207   (0.015) 0.006 0.003 0.005 0.006 0.006 0.004 0.007 0.014 

Locus 3 : 
9 alleles
12.8% missing data
 201   (0.275) 0.335 0.336 0.240 0.298 0.245 0.308 0.282 0.275 
 207   (0.324) 0.414 0.376 0.281 0.364 0.415 0.287 0.214 0.325 
 204   (0.213) 0.137 0.191 0.383 0.194 0.152 0.243 0.308 0.214 
 210   (0.100) 0.072 0.072 0.058 0.098 0.148 0.093 0.085 0.100 
 219   (0.016) 0.006 0.004 0.012 0.010 0.005 0.013 0.031 0.015 
 198   (0.021) 0.014 0.006 0.008 0.011 0.012 0.009 0.006 0.021 
 213   (0.018) 0.007 0.003 0.007 0.012 0.006 0.019 0.029 0.017 
 216   (0.017) 0.011 0.010 0.007 0.009 0.012 0.007 0.008 0.018 
 189   (0.015) 0.004 0.002 0.005 0.005 0.005 0.021 0.037 0.014 

Locus 4 : 
12 alleles
12.8% missing data
 138   (0.144) 0.109 0.150 0.049 0.165 0.118 0.125 0.149 0.148 
 140   (0.183) 0.139 0.131 0.507 0.147 0.171 0.190 0.208 0.184 
 132   (0.176) 0.181 0.167 0.123 0.156 0.201 0.172 0.211 0.177 
 154   (0.014) 0.007 0.004 0.003 0.007 0.007 0.005 0.005 0.014 
 142   (0.141) 0.128 0.048 0.193 0.185 0.147 0.171 0.184 0.139 
 134   (0.053) 0.052 0.049 0.022 0.070 0.051 0.072 0.030 0.052 
 128   (0.030) 0.013 0.198 0.010 0.015 0.012 0.012 0.010 0.030 
 136   (0.104) 0.206 0.028 0.039 0.138 0.107 0.137 0.099 0.103 
 144   (0.056) 0.031 0.111 0.023 0.035 0.102 0.027 0.034 0.056 
 146   (0.026) 0.013 0.006 0.009 0.014 0.023 0.018 0.016 0.026 
 152   (0.028) 0.015 0.094 0.010 0.013 0.017 0.013 0.012 0.027 
 130   (0.044) 0.105 0.013 0.012 0.056 0.045 0.057 0.042 0.044 

Locus 5 : 
9 alleles
16.3% missing data
 257   (0.389) 0.434 0.700 0.318 0.447 0.507 0.416 0.415 0.386 
 271   (0.052) 0.049 0.014 0.018 0.058 0.050 0.048 0.027 0.051 
 259   (0.336) 0.406 0.229 0.344 0.354 0.305 0.392 0.399 0.336 
 261   (0.075) 0.040 0.022 0.142 0.064 0.072 0.073 0.079 0.075 
 263   (0.018) 0.007 0.009 0.007 0.008 0.007 0.014 0.025 0.018 
 269   (0.020) 0.006 0.003 0.124 0.007 0.006 0.006 0.005 0.019 
 273   (0.079) 0.046 0.017 0.035 0.048 0.041 0.036 0.035 0.084 
 265   (0.015) 0.007 0.003 0.005 0.006 0.007 0.005 0.005 0.015 
 267   (0.016) 0.005 0.003 0.007 0.008 0.006 0.010 0.009 0.016 

Locus 6 : 
15 alleles
4.3% missing data
 147   (0.167) 0.201 0.603 0.226 0.159 0.147 0.128 0.105 0.166 
 141   (0.119) 0.094 0.025 0.147 0.123 0.102 0.182 0.290 0.119 
 149   (0.105) 0.157 0.069 0.072 0.111 0.068 0.141 0.125 0.105 
 159   (0.061) 0.039 0.013 0.218 0.039 0.090 0.031 0.044 0.061 
 137   (0.090) 0.059 0.023 0.060 0.082 0.104 0.115 0.150 0.091 
 139   (0.036) 0.025 0.007 0.025 0.025 0.034 0.022 0.021 0.037 
 161   (0.055) 0.079 0.015 0.024 0.092 0.054 0.082 0.032 0.056 
 151   (0.073) 0.104 0.015 0.056 0.118 0.065 0.090 0.027 0.073 
 153   (0.078) 0.090 0.021 0.033 0.072 0.073 0.070 0.085 0.079 
 165   (0.052) 0.046 0.010 0.027 0.073 0.036 0.052 0.035 0.052 
 145   (0.062) 0.046 0.168 0.021 0.049 0.076 0.037 0.039 0.061 
 135   (0.014) 0.005 0.002 0.005 0.007 0.005 0.006 0.007 0.013 
 157   (0.036) 0.028 0.017 0.056 0.027 0.024 0.021 0.016 0.036 
 143   (0.031) 0.023 0.007 0.009 0.018 0.114 0.017 0.019 0.030 
 155   (0.020) 0.006 0.003 0.023 0.006 0.006 0.005 0.005 0.021 

Locus 7 : 
4 alleles
2.1% missing data
 138   (0.765) 0.750 0.932 0.860 0.745 0.700 0.813 0.876 0.765 
 144   (0.072) 0.065 0.013 0.019 0.106 0.079 0.069 0.044 0.072 
 132   (0.149) 0.180 0.052 0.118 0.145 0.209 0.113 0.075 0.149 
 135   (0.014) 0.005 0.002 0.003 0.005 0.012 0.005 0.005 0.014 

Locus 8 : 
12 alleles
20.6% missing data
 276   (0.067) 0.095 0.101 0.025 0.065 0.062 0.046 0.026 0.066 
 286   (0.129) 0.107 0.074 0.181 0.131 0.175 0.105 0.109 0.130 
 278   (0.214) 0.293 0.284 0.332 0.311 0.137 0.238 0.139 0.214 
 270   (0.027) 0.012 0.008 0.015 0.017 0.027 0.018 0.022 0.028 
 280   (0.234) 0.236 0.186 0.278 0.207 0.209 0.265 0.330 0.235 
 266   (0.037) 0.018 0.020 0.045 0.035 0.016 0.073 0.053 0.037 
 282   (0.136) 0.126 0.118 0.072 0.106 0.236 0.132 0.220 0.136 
 274   (0.030) 0.031 0.021 0.010 0.028 0.014 0.022 0.011 0.029 
 290   (0.030) 0.017 0.006 0.012 0.043 0.013 0.060 0.057 0.029 
 284   (0.034) 0.025 0.008 0.010 0.019 0.064 0.014 0.014 0.033 
 288   (0.039) 0.021 0.169 0.013 0.024 0.035 0.018 0.012 0.039 
 272   (0.022) 0.018 0.004 0.007 0.014 0.011 0.009 0.007 0.022 

Locus 9 : 
15 alleles
3.5% missing data
 146   (0.425) 0.515 0.539 0.409 0.505 0.493 0.523 0.479 0.428 
 178   (0.031) 0.025 0.007 0.023 0.021 0.018 0.012 0.010 0.033 
 170   (0.040) 0.028 0.030 0.014 0.025 0.118 0.018 0.027 0.039 
 166   (0.065) 0.062 0.016 0.054 0.072 0.042 0.071 0.049 0.065 
 172   (0.050) 0.058 0.020 0.022 0.086 0.029 0.063 0.032 0.050 
 168   (0.078) 0.062 0.092 0.058 0.059 0.067 0.091 0.182 0.077 
 162   (0.019) 0.008 0.003 0.025 0.009 0.006 0.007 0.007 0.018 
 148   (0.081) 0.079 0.035 0.164 0.084 0.056 0.084 0.099 0.080 
 160   (0.063) 0.035 0.136 0.174 0.031 0.075 0.041 0.050 0.062 
 174   (0.031) 0.035 0.006 0.010 0.022 0.025 0.014 0.013 0.031 
 158   (0.031) 0.015 0.097 0.007 0.017 0.012 0.017 0.013 0.031 
 154   (0.035) 0.054 0.008 0.019 0.039 0.028 0.036 0.023 0.034 
 164   (0.014) 0.005 0.003 0.007 0.006 0.004 0.004 0.003 0.014 
 180   (0.013) 0.004 0.002 0.002 0.003 0.003 0.003 0.003 0.013 
 142   (0.024) 0.016 0.007 0.011 0.022 0.023 0.015 0.010 0.024 

Locus 10 : 
7 alleles
5.0% missing data
 158   (0.785) 0.863 0.774 0.775 0.879 0.861 0.886 0.863 0.783 
 160   (0.110) 0.075 0.183 0.191 0.068 0.091 0.076 0.098 0.108 
 154   (0.027) 0.013 0.006 0.010 0.017 0.013 0.012 0.010 0.027 
 156   (0.020) 0.029 0.005 0.007 0.017 0.014 0.011 0.006 0.019 
 152   (0.030) 0.010 0.005 0.010 0.011 0.012 0.007 0.016 0.034 
 144   (0.014) 0.004 0.024 0.003 0.004 0.004 0.003 0.003 0.014 
 162   (0.014) 0.005 0.002 0.003 0.005 0.004 0.004 0.004 0.015 

Locus 11 : 
14 alleles
29.1% missing data
 214   (0.136) 0.225 0.042 0.074 0.172 0.170 0.131 0.094 0.137 
 220   (0.159) 0.138 0.313 0.095 0.137 0.185 0.129 0.094 0.159 
 210   (0.088) 0.087 0.043 0.042 0.075 0.114 0.117 0.164 0.087 
 218   (0.275) 0.244 0.333 0.394 0.339 0.309 0.401 0.449 0.273 
 192   (0.017) 0.006 0.004 0.007 0.007 0.007 0.007 0.007 0.017 
 194   (0.017) 0.007 0.004 0.007 0.008 0.007 0.008 0.008 0.017 
 212   (0.033) 0.027 0.072 0.016 0.016 0.038 0.017 0.014 0.032 
 222   (0.095) 0.122 0.088 0.114 0.137 0.082 0.094 0.085 0.094 
 224   (0.020) 0.007 0.004 0.057 0.009 0.007 0.008 0.007 0.019 
 216   (0.080) 0.105 0.047 0.163 0.068 0.044 0.061 0.039 0.080 
 200   (0.019) 0.006 0.004 0.005 0.006 0.006 0.005 0.005 0.020 
 204   (0.016) 0.005 0.003 0.004 0.005 0.005 0.004 0.004 0.017 
 188   (0.029) 0.013 0.041 0.019 0.012 0.018 0.010 0.024 0.029 
 208   (0.016) 0.010 0.004 0.004 0.009 0.008 0.008 0.006 0.016 

Locus 12 : 
17 alleles
18.4% missing data
 144   (0.035) 0.040 0.032 0.017 0.033 0.028 0.018 0.015 0.035 
 162   (0.039) 0.038 0.011 0.012 0.040 0.056 0.022 0.016 0.039 
 170   (0.044) 0.036 0.010 0.039 0.040 0.027 0.039 0.037 0.043 
 148   (0.082) 0.127 0.189 0.135 0.118 0.051 0.088 0.072 0.080 
 142   (0.075) 0.066 0.057 0.267 0.071 0.036 0.103 0.053 0.074 
 154   (0.047) 0.033 0.037 0.081 0.039 0.021 0.033 0.017 0.047 
 146   (0.344) 0.437 0.497 0.298 0.383 0.494 0.384 0.398 0.347 
 164   (0.050) 0.055 0.017 0.025 0.052 0.032 0.044 0.027 0.051 
 168   (0.028) 0.018 0.005 0.011 0.024 0.021 0.021 0.022 0.029 
 156   (0.057) 0.031 0.104 0.023 0.046 0.037 0.105 0.210 0.056 
 172   (0.042) 0.026 0.011 0.034 0.034 0.053 0.025 0.033 0.041 
 166   (0.060) 0.036 0.014 0.026 0.057 0.053 0.065 0.060 0.060 
 158   (0.027) 0.014 0.005 0.008 0.013 0.054 0.009 0.010 0.028 
 150   (0.015) 0.008 0.003 0.004 0.006 0.006 0.007 0.011 0.014 
 174   (0.014) 0.004 0.002 0.003 0.005 0.004 0.004 0.003 0.015 
 182   (0.016) 0.007 0.003 0.004 0.008 0.009 0.006 0.006 0.015 
 160   (0.026) 0.025 0.004 0.012 0.031 0.017 0.026 0.009 0.026 

Locus 13 : 
15 alleles
31.2% missing data
 285   (0.305) 0.304 0.444 0.409 0.304 0.248 0.312 0.321 0.305 
 291   (0.131) 0.220 0.079 0.058 0.225 0.110 0.176 0.109 0.130 
 289   (0.179) 0.161 0.081 0.269 0.191 0.313 0.170 0.160 0.178 
 277   (0.037) 0.068 0.015 0.017 0.039 0.023 0.034 0.017 0.037 
 273   (0.039) 0.016 0.009 0.055 0.042 0.015 0.139 0.178 0.038 
 293   (0.047) 0.027 0.018 0.063 0.025 0.060 0.020 0.067 0.048 
 287   (0.040) 0.026 0.290 0.033 0.022 0.024 0.018 0.015 0.039 
 295   (0.050) 0.079 0.013 0.019 0.059 0.029 0.040 0.020 0.050 
 301   (0.016) 0.013 0.004 0.005 0.009 0.007 0.008 0.005 0.015 
 303   (0.025) 0.020 0.006 0.008 0.015 0.013 0.023 0.047 0.025 
 279   (0.022) 0.010 0.006 0.007 0.018 0.058 0.011 0.007 0.022 
 181   (0.017) 0.006 0.004 0.011 0.008 0.006 0.010 0.012 0.017 
 283   (0.040) 0.020 0.018 0.014 0.018 0.022 0.014 0.015 0.043 
 281   (0.017) 0.007 0.004 0.005 0.007 0.009 0.011 0.016 0.016 
 297   (0.036) 0.022 0.010 0.029 0.018 0.062 0.012 0.012 0.036 

Values of parameters used in structure:
DATAFILE=bws18_structure.txt,	OUTFILE=bws18_structurek8_3_results,	NUMINDS=141,	NUMLOCI=13,	MISSING=-9,	LABEL=1,	POPDATA=1,	POPFLAG=0,	PHENOTYPE=0,	EXTRACOLS=0,	MAXPOPS=8,	BURNIN=10000,	NUMREPS=20000,	USEPOPINFO=0,	INFERALPHA=1,	INFERLAMBDA=0,	POPSPECIFICLAMBDA=0,	POPALPHAS=0,	COMPUTEPROB=1,	NOADMIX=0,	ADMBURNIN=500,	UPDATEFREQ=100,	PRINTLIKES=0,	INTERMEDSAVE=0,	PRINTKLD=0,	PRINTNET=1,	PRINTLAMBDA=1,	ANCESTDIST=0,	NUMBOXES=1000,	ANCESTPINT=0.90000,	GENSBACK=2,	MIGRPRIOR=0.01000,	PRINTQHAT=0,	PRINTQSUM=1,	ALPHA=1.0000,	FREQSCORR=1,	FPRIORMEAN=0.0100,	FPRIORSD=0.0500,	ONEFST=0,	LAMBDA=1.0000,	UNIFPRIORALPHA=1,	ALPHAMAX=10.0000,	ALPHAPRIORA=1.0000,	ALPHAPRIORB=2.0000,	ALPHAPROPSD=0.0250,	STARTATPOPINFO=0,	RANDOMIZE=1,	LINKAGE=0,	METROFREQ=10,	REPORTHITRATE=0,	MARKOVPHASE=0,	PHASED=0,	PLOIDY=2,	PHASEINFO=0	LOCPRIOR=0, 	LOCPRIORINIT=1.000000, 	LOCDATA=0, 	LOCISPOP=1, 	LOCPRIORSTEP=0.100000, 	MAXLOCPRIOR=20.000000, 	SEED=1680179734,	
[STRAT parameters]:    NUMSIMSTATS=1000,	PHENOTYPECOL=-9,	POOLFREQ=10,	LOCUSxONLY=0,	EMERROR=0.00100,	MISSINGPHENO=-9,	