

----------------------------------------------------
STRUCTURE by Pritchard, Stephens and Donnelly (2000)
     and Falush, Stephens and Pritchard (2003)
       Code by Pritchard, Falush and Hubisz
             Version 2.3.4 (Jul 2012)
----------------------------------------------------



Command line arguments:   ./structure -m mainparams_bws17_k4_2 
Input File:    bws17_structure.txt

Run parameters:
   97 individuals
   12 loci
   4 populations assumed
   10000 Burn-in period
   20000 Reps


--------------------------------------------
Proportion of membership of each pre-defined
 population in each of the 4 clusters

Given    Inferred Clusters              Number of
 Pop       1      2      3      4      Individuals

  1:     0.110  0.342  0.071  0.476       15
  2:     0.256  0.311  0.051  0.381       21
  3:     0.263  0.440  0.010  0.288       22
  4:     0.263  0.326  0.103  0.308       10
  5:     0.147  0.340  0.098  0.414       12
  6:     0.201  0.664  0.004  0.131       17
--------------------------------------------

Allele-freq. divergence among pops (Net nucleotide distance),
computed using point estimates of P.

      1       2       3       4      
 1      -    0.0136  0.1164  0.0125  
 2   0.0136     -    0.1613  0.0182  
 3   0.1164  0.1613     -    0.1598  
 4   0.0125  0.0182  0.1598     -    

Average distances (expected heterozygosity) between individuals in same cluster:
cluster  1  : 0.7478 
cluster  2  : 0.6424 
cluster  3  : 0.7397 
cluster  4  : 0.6449 

--------------------------------------------
Estimated Ln Prob of Data   = -3383.7
Mean value of ln likelihood = -3204.5
Variance of ln likelihood   = 358.4
Mean value of alpha         = 0.0386

Mean value of Fst_1         = 0.0062
Mean value of Fst_2         = 0.0853
Mean value of Fst_3         = 0.2468
Mean value of Fst_4         = 0.0749


Inferred ancestry of individuals:
        Label (%Miss) Pop:  Inferred clusters
  1       12    (0)    1 :  0.370 0.426 0.004 0.200 
  2       45   (16)    2 :  0.082 0.730 0.006 0.182 
  3       68    (0)    3 :  0.473 0.494 0.011 0.022 
  4    0078F   (50)    6 :  0.377 0.300 0.006 0.317 
  5       89    (0)    4 :  0.573 0.115 0.003 0.309 
  6      110    (0)    4 :  0.037 0.948 0.004 0.011 
  7      124    (8)    2 :  0.824 0.130 0.029 0.017 
  8      148    (0)    4 :  0.062 0.913 0.004 0.020 
  9      192    (0)    4 :  0.785 0.117 0.007 0.091 
 10      224    (0)    3 :  0.236 0.467 0.013 0.284 
 11      304    (8)    3 :  0.007 0.015 0.003 0.974 
 12      307    (0)    3 :  0.938 0.010 0.019 0.033 
 13      315    (0)    5 :  0.047 0.854 0.003 0.095 
 14      335    (8)    2 :  0.615 0.020 0.005 0.361 
 15      336    (0)    5 :  0.310 0.033 0.003 0.654 
 16      385    (8)    3 :  0.168 0.475 0.004 0.353 
 17      397    (0)    5 :  0.046 0.252 0.005 0.697 
 18      398    (8)    3 :  0.234 0.683 0.005 0.078 
 19      434    (8)    2 :  0.009 0.015 0.970 0.006 
 20      445    (0)    2 :  0.099 0.080 0.004 0.817 
 21      453    (0)    1 :  0.096 0.169 0.003 0.732 
 22      456    (8)    1 :  0.079 0.173 0.009 0.738 
 23      496    (0)    1 :  0.165 0.767 0.028 0.040 
 24      564    (8)    3 :  0.440 0.039 0.004 0.517 
 25      583    (0)    3 :  0.325 0.547 0.005 0.122 
 26      655    (8)    5 :  0.197 0.040 0.005 0.758 
 27      830    (0)    3 :  0.084 0.886 0.003 0.027 
 28      879    (8)    1 :  0.091 0.103 0.006 0.800 
 29      886    (0)    3 :  0.230 0.399 0.005 0.367 
 30      897    (0)    4 :  0.959 0.011 0.006 0.023 
 31      917    (0)    4 :  0.050 0.325 0.003 0.622 
 32      933    (8)    3 :  0.197 0.668 0.032 0.102 
 33      941   (16)    3 :  0.025 0.839 0.003 0.133 
 34      966    (8)    3 :  0.253 0.129 0.003 0.615 
 35     1028    (0)    5 :  0.337 0.184 0.003 0.475 
 36     1067    (0)    4 :  0.015 0.009 0.003 0.973 
 37     1071    (0)    1 :  0.106 0.010 0.003 0.881 
 38     1112    (0)    3 :  0.074 0.833 0.005 0.089 
 39    1285B    (8)    6 :  0.035 0.936 0.005 0.024 
 40    1285D    (0)    6 :  0.013 0.973 0.002 0.012 
 41    1285E    (0)    6 :  0.383 0.593 0.006 0.018 
 42    1285F   (25)    6 :  0.224 0.584 0.003 0.189 
 43    1285G    (0)    6 :  0.046 0.855 0.004 0.095 
 44    1285I    (0)    6 :  0.143 0.816 0.004 0.036 
 45     1287   (41)    5 :  0.177 0.125 0.152 0.546 
 46     1312    (8)    5 :  0.011 0.008 0.977 0.004 
 47     1326   (16)    4 :  0.057 0.770 0.005 0.169 
 48     1343    (8)    3 :  0.295 0.518 0.008 0.179 
 49     1353    (0)    3 :  0.033 0.028 0.003 0.937 
 50     1357    (8)    2 :  0.592 0.024 0.004 0.380 
 51     1362    (0)    4 :  0.087 0.047 0.004 0.862 
 52     1391    (8)    2 :  0.935 0.043 0.003 0.019 
 53     1409    (0)    2 :  0.079 0.843 0.004 0.074 
 54     1424    (8)    1 :  0.172 0.049 0.004 0.775 
 55    1424C   (33)    1 :  0.024 0.953 0.007 0.016 
 56    1424E   (16)    1 :  0.037 0.140 0.003 0.820 
 57    1424F   (33)    1 :  0.137 0.010 0.004 0.849 
 58    1424G   (33)    1 :  0.076 0.113 0.006 0.805 
 59     1432    (0)    6 :  0.010 0.950 0.003 0.038 
 60     1442    (0)    2 :  0.175 0.261 0.004 0.561 
 61     1450   (25)    5 :  0.177 0.605 0.004 0.215 
 62     1476    (0)    2 :  0.095 0.053 0.004 0.848 
 63     1519    (0)    2 :  0.037 0.682 0.004 0.277 
 64     1568    (0)    3 :  0.658 0.181 0.003 0.159 
 65     1579   (25)    2 :  0.049 0.060 0.003 0.887 
 66     1614    (8)    2 :  0.198 0.181 0.003 0.618 
 67     1617   (16)    1 :  0.011 0.007 0.976 0.006 
 68     1621    (0)    2 :  0.090 0.630 0.004 0.276 
 69     1825    (8)    2 :  0.231 0.110 0.004 0.655 
 70     1829    (8)    1 :  0.021 0.958 0.003 0.018 
 71     1836    (0)    4 :  0.004 0.002 0.991 0.002 
 72     1868   (41)    3 :  0.906 0.011 0.065 0.018 
 73     1900    (0)    2 :  0.045 0.871 0.003 0.081 
 74     1923    (0)    2 :  0.455 0.155 0.003 0.387 
 75     1924    (8)    6 :  0.059 0.892 0.003 0.046 
 76     1938    (0)    2 :  0.514 0.090 0.005 0.391 
 77     1945    (0)    5 :  0.062 0.912 0.004 0.022 
 78     2016   (16)    1 :  0.053 0.509 0.004 0.433 
 79     2066   (16)    5 :  0.211 0.078 0.003 0.708 
 80     3027    (8)    2 :  0.143 0.331 0.005 0.522 
 81     3051    (0)    3 :  0.009 0.980 0.003 0.008 
 82     3056    (0)    2 :  0.078 0.865 0.004 0.053 
 83     3079    (0)    5 :  0.171 0.102 0.014 0.713 
 84     3093   (16)    3 :  0.048 0.650 0.006 0.296 
 85    3129B   (41)    6 :  0.893 0.071 0.005 0.031 
 86    3129C   (41)    6 :  0.023 0.128 0.006 0.843 
 87    3129H   (25)    6 :  0.372 0.540 0.008 0.080 
 88    3129L   (41)    6 :  0.483 0.467 0.005 0.045 
 89    3129N   (41)    6 :  0.201 0.519 0.005 0.275 
 90    3129O   (25)    6 :  0.064 0.864 0.005 0.067 
 91    3129P    (8)    6 :  0.018 0.945 0.003 0.034 
 92     3141    (0)    3 :  0.082 0.794 0.005 0.120 
 93     3144    (0)    2 :  0.038 0.366 0.003 0.592 
 94     3167    (0)    1 :  0.214 0.748 0.005 0.032 
 95     3174    (8)    5 :  0.023 0.886 0.006 0.085 
 96     3177    (0)    6 :  0.069 0.857 0.003 0.072 
 97     3271    (8)    3 :  0.065 0.036 0.003 0.896 


Estimated Allele Frequencies in each cluster
First column gives estimated ancestral frequencies


Locus 1 : 
6 alleles
0.0% missing data
 148   (0.661) 0.665 0.768 0.200 0.795 
 146   (0.121) 0.119 0.122 0.034 0.081 
 147   (0.121) 0.120 0.098 0.035 0.107 
 160   (0.053) 0.055 0.007 0.635 0.009 
 172   (0.022) 0.018 0.003 0.088 0.004 
 158   (0.022) 0.023 0.003 0.009 0.004 

Locus 2 : 
18 alleles
1.0% missing data
 199   (0.071) 0.074 0.063 0.022 0.043 
 201   (0.159) 0.164 0.275 0.045 0.202 
 197   (0.238) 0.243 0.388 0.075 0.353 
 205   (0.081) 0.088 0.087 0.024 0.055 
 211   (0.080) 0.083 0.050 0.024 0.063 
 225   (0.026) 0.028 0.006 0.007 0.007 
 207   (0.027) 0.026 0.005 0.007 0.015 
 217   (0.026) 0.025 0.004 0.007 0.019 
 193   (0.040) 0.038 0.030 0.011 0.025 
 203   (0.044) 0.041 0.024 0.013 0.050 
 191   (0.051) 0.046 0.037 0.015 0.104 
 255   (0.017) 0.014 0.002 0.418 0.003 
 195   (0.029) 0.033 0.004 0.008 0.005 
 223   (0.021) 0.018 0.004 0.006 0.011 
 241   (0.024) 0.020 0.003 0.220 0.007 
 237   (0.020) 0.016 0.002 0.084 0.003 
 213   (0.028) 0.024 0.013 0.008 0.028 
 215   (0.017) 0.017 0.004 0.004 0.005 

Locus 3 : 
10 alleles
9.3% missing data
 201   (0.267) 0.263 0.314 0.262 0.344 
 210   (0.132) 0.129 0.093 0.127 0.184 
 204   (0.197) 0.208 0.181 0.058 0.184 
 207   (0.271) 0.282 0.394 0.082 0.240 
 214   (0.022) 0.023 0.003 0.006 0.004 
 192   (0.024) 0.020 0.003 0.269 0.004 
 198   (0.022) 0.019 0.003 0.006 0.016 
 189   (0.022) 0.019 0.003 0.090 0.004 
 219   (0.021) 0.018 0.003 0.006 0.016 
 183   (0.022) 0.019 0.003 0.092 0.004 

Locus 4 : 
14 alleles
3.1% missing data
 140   (0.144) 0.146 0.249 0.040 0.150 
 142   (0.151) 0.153 0.140 0.046 0.253 
 138   (0.088) 0.082 0.094 0.371 0.082 
 152   (0.033) 0.033 0.011 0.009 0.020 
 146   (0.034) 0.035 0.011 0.009 0.017 
 132   (0.105) 0.102 0.236 0.108 0.054 
 134   (0.077) 0.075 0.039 0.310 0.067 
 130   (0.092) 0.096 0.070 0.026 0.107 
 136   (0.105) 0.107 0.078 0.034 0.134 
 128   (0.038) 0.037 0.009 0.011 0.038 
 150   (0.020) 0.021 0.003 0.006 0.004 
 144   (0.065) 0.062 0.053 0.018 0.065 
 148   (0.027) 0.031 0.004 0.007 0.005 
 160   (0.019) 0.020 0.003 0.005 0.004 

Locus 5 : 
9 alleles
7.2% missing data
 257   (0.272) 0.274 0.258 0.087 0.368 
 259   (0.418) 0.418 0.586 0.203 0.477 
 271   (0.065) 0.062 0.087 0.101 0.016 
 273   (0.052) 0.048 0.013 0.550 0.020 
 255   (0.046) 0.054 0.006 0.015 0.020 
 261   (0.063) 0.059 0.035 0.018 0.068 
 269   (0.029) 0.026 0.008 0.008 0.021 
 243   (0.034) 0.037 0.005 0.009 0.007 
 265   (0.022) 0.023 0.003 0.008 0.004 

Locus 6 : 
11 alleles
26.8% missing data
 155   (0.383) 0.386 0.550 0.176 0.465 
 170   (0.100) 0.103 0.064 0.046 0.063 
 173   (0.043) 0.042 0.044 0.018 0.014 
 164   (0.071) 0.072 0.117 0.033 0.020 
 158   (0.173) 0.161 0.125 0.351 0.332 
 149   (0.039) 0.044 0.007 0.021 0.020 
 188   (0.055) 0.055 0.053 0.024 0.040 
 161   (0.035) 0.035 0.006 0.279 0.008 
 152   (0.024) 0.025 0.004 0.010 0.006 
 143   (0.043) 0.046 0.022 0.026 0.012 
 200   (0.032) 0.032 0.007 0.014 0.020 

Locus 7 : 
18 alleles
5.2% missing data
 145   (0.060) 0.056 0.045 0.018 0.164 
 157   (0.039) 0.040 0.023 0.014 0.015 
 137   (0.057) 0.054 0.083 0.017 0.046 
 159   (0.082) 0.088 0.076 0.025 0.055 
 149   (0.103) 0.105 0.099 0.121 0.100 
 151   (0.119) 0.129 0.177 0.037 0.086 
 139   (0.047) 0.052 0.018 0.014 0.023 
 147   (0.122) 0.120 0.243 0.120 0.129 
 153   (0.058) 0.056 0.117 0.103 0.020 
 141   (0.086) 0.090 0.029 0.025 0.209 
 161   (0.057) 0.054 0.040 0.104 0.057 
 143   (0.025) 0.022 0.003 0.007 0.027 
 165   (0.053) 0.048 0.026 0.108 0.038 
 181   (0.019) 0.016 0.004 0.005 0.013 
 135   (0.018) 0.017 0.008 0.005 0.003 
 155   (0.020) 0.016 0.002 0.265 0.003 
 177   (0.019) 0.018 0.004 0.006 0.008 
 132   (0.017) 0.019 0.003 0.005 0.003 

Locus 8 : 
6 alleles
28.9% missing data
 132   (0.138) 0.138 0.162 0.066 0.116 
 138   (0.725) 0.738 0.796 0.608 0.778 
 135   (0.027) 0.024 0.004 0.011 0.018 
 141   (0.042) 0.040 0.020 0.019 0.032 
 144   (0.040) 0.036 0.014 0.018 0.049 
 129   (0.028) 0.024 0.004 0.277 0.007 

Locus 9 : 
14 alleles
14.4% missing data
 266   (0.045) 0.041 0.030 0.097 0.013 
 288   (0.045) 0.050 0.015 0.013 0.021 
 282   (0.152) 0.154 0.271 0.138 0.118 
 286   (0.117) 0.112 0.193 0.213 0.091 
 278   (0.150) 0.150 0.167 0.134 0.186 
 280   (0.188) 0.206 0.090 0.140 0.230 
 274   (0.069) 0.075 0.014 0.022 0.091 
 276   (0.035) 0.031 0.084 0.010 0.011 
 292   (0.020) 0.021 0.004 0.008 0.004 
 270   (0.044) 0.039 0.065 0.013 0.036 
 272   (0.030) 0.026 0.005 0.009 0.095 
 284   (0.065) 0.061 0.058 0.019 0.082 
 300   (0.019) 0.016 0.003 0.178 0.004 
 290   (0.020) 0.018 0.003 0.006 0.017 

Locus 10 : 
18 alleles
1.0% missing data
 146   (0.326) 0.340 0.440 0.105 0.562 
 172   (0.041) 0.043 0.024 0.013 0.011 
 166   (0.044) 0.040 0.047 0.193 0.010 
 160   (0.091) 0.099 0.041 0.028 0.081 
 186   (0.030) 0.028 0.004 0.183 0.005 
 158   (0.024) 0.021 0.030 0.007 0.007 
 170   (0.071) 0.074 0.077 0.021 0.028 
 148   (0.068) 0.063 0.076 0.020 0.169 
 178   (0.028) 0.029 0.011 0.012 0.005 
 168   (0.054) 0.051 0.161 0.016 0.030 
 164   (0.036) 0.038 0.005 0.010 0.036 
 180   (0.030) 0.031 0.004 0.009 0.014 
 174   (0.043) 0.040 0.034 0.100 0.012 
 184   (0.021) 0.017 0.003 0.176 0.004 
 162   (0.027) 0.028 0.004 0.008 0.013 
 194   (0.021) 0.018 0.003 0.088 0.004 
 154   (0.020) 0.016 0.023 0.006 0.004 
 144   (0.024) 0.025 0.013 0.007 0.005 

Locus 11 : 
9 alleles
1.0% missing data
 158   (0.732) 0.745 0.877 0.209 0.926 
 160   (0.072) 0.073 0.064 0.020 0.024 
 154   (0.040) 0.042 0.013 0.011 0.011 
 170   (0.031) 0.033 0.006 0.013 0.005 
 152   (0.034) 0.029 0.010 0.483 0.008 
 162   (0.022) 0.018 0.003 0.083 0.004 
 166   (0.023) 0.019 0.003 0.167 0.004 
 144   (0.023) 0.020 0.004 0.006 0.012 
 156   (0.024) 0.021 0.022 0.007 0.005 

Locus 12 : 
12 alleles
10.3% missing data
 218   (0.327) 0.332 0.429 0.103 0.427 
 212   (0.050) 0.049 0.105 0.015 0.013 
 222   (0.067) 0.062 0.067 0.019 0.077 
 214   (0.126) 0.130 0.082 0.038 0.166 
 220   (0.177) 0.186 0.173 0.052 0.166 
 216   (0.071) 0.067 0.109 0.021 0.053 
 210   (0.042) 0.040 0.011 0.012 0.057 
 202   (0.032) 0.031 0.004 0.369 0.006 
 224   (0.041) 0.042 0.009 0.012 0.022 
 200   (0.022) 0.019 0.003 0.175 0.004 
 206   (0.023) 0.019 0.003 0.176 0.004 
 194   (0.022) 0.024 0.003 0.009 0.004 

Values of parameters used in structure:
DATAFILE=bws17_structure.txt,	OUTFILE=bws17_structurek4_2_results,	NUMINDS=97,	NUMLOCI=12,	MISSING=-9,	LABEL=1,	POPDATA=1,	POPFLAG=0,	PHENOTYPE=0,	EXTRACOLS=0,	MAXPOPS=4,	BURNIN=10000,	NUMREPS=20000,	USEPOPINFO=0,	INFERALPHA=1,	INFERLAMBDA=0,	POPSPECIFICLAMBDA=0,	POPALPHAS=0,	COMPUTEPROB=1,	NOADMIX=0,	ADMBURNIN=500,	UPDATEFREQ=100,	PRINTLIKES=0,	INTERMEDSAVE=0,	PRINTKLD=0,	PRINTNET=1,	PRINTLAMBDA=1,	ANCESTDIST=0,	NUMBOXES=1000,	ANCESTPINT=0.90000,	GENSBACK=2,	MIGRPRIOR=0.01000,	PRINTQHAT=0,	PRINTQSUM=1,	ALPHA=1.0000,	FREQSCORR=1,	FPRIORMEAN=0.0100,	FPRIORSD=0.0500,	ONEFST=0,	LAMBDA=1.0000,	UNIFPRIORALPHA=1,	ALPHAMAX=10.0000,	ALPHAPRIORA=1.0000,	ALPHAPRIORB=2.0000,	ALPHAPROPSD=0.0250,	STARTATPOPINFO=0,	RANDOMIZE=1,	LINKAGE=0,	METROFREQ=10,	REPORTHITRATE=0,	MARKOVPHASE=0,	PHASED=0,	PLOIDY=2,	PHASEINFO=0	LOCPRIOR=0, 	LOCPRIORINIT=1.000000, 	LOCDATA=0, 	LOCISPOP=1, 	LOCPRIORSTEP=0.100000, 	MAXLOCPRIOR=20.000000, 	SEED=1682096191,	
[STRAT parameters]:    NUMSIMSTATS=1000,	PHENOTYPECOL=-9,	POOLFREQ=10,	LOCUSxONLY=0,	EMERROR=0.00100,	MISSINGPHENO=-9,	