0079C 17 148 148 197 205 201 207 138 140 257 271 147 147 138 138 276 286 146 178 158 160 214 220 144 162 285 291
0079D 17 148 148 197 197 201 207 132 138 257 259 141 149 138 138 278 286 146 170 158 158 210 218 162 170 289 289
0079E 17 146 148 197 197 204 207 140 140 0 0 149 159 138 138 270 270 166 172 158 158 192 194 0 0 0 0
0079G 17 146 148 197 199 201 207 132 154 257 257 137 147 138 138 280 286 146 168 158 158 210 218 148 162 277 277
0082A 17 148 148 201 203 204 207 140 142 259 261 141 147 138 138 286 286 162 178 158 158 218 218 142 154 285 285
0082B 17 148 148 197 213 204 204 134 142 257 259 139 149 138 138 266 280 146 148 158 160 218 218 142 146 273 273
0082C 17 146 148 201 227 201 207 128 128 259 259 149 149 138 138 0 0 146 146 158 158 212 212 142 148 0 0
0082D 17 148 148 197 227 204 204 138 142 257 259 149 161 138 144 278 282 168 172 154 160 0 0 0 0 0 0
0121B 22 148 148 203 203 0 0 0 0 259 259 147 151 132 138 0 0 160 168 158 158 222 224 0 0 0 0
0121C 22 147 148 205 221 201 201 132 136 257 259 151 151 138 138 274 280 146 146 158 158 216 220 146 164 289 291
0147A 29 0 0 197 227 201 201 138 138 261 263 147 159 138 138 0 0 168 172 158 158 0 0 0 0 0 0
0147B 29 148 148 205 211 201 207 132 140 257 259 151 161 138 138 274 278 146 146 158 158 210 222 146 146 0 0
0147D 29 148 148 197 205 204 207 138 142 0 0 153 165 138 144 290 290 146 146 158 158 0 0 0 0 0 0
0167A 17 148 148 197 213 207 210 132 132 271 271 149 151 138 138 282 286 146 172 158 160 214 218 146 168 289 289
0167B 17 146 148 197 211 204 210 136 144 259 261 137 147 138 138 270 280 168 170 158 158 218 222 146 146 293 293
0167C 17 146 148 201 215 201 204 140 142 259 269 141 159 132 138 278 286 146 166 158 158 218 224 142 170 285 289
0309A 62 148 148 197 213 204 204 132 136 257 257 141 149 138 138 280 282 146 168 158 158 210 218 146 156 285 285
0309C 62 148 148 197 205 201 210 136 140 259 259 147 153 132 138 278 284 146 174 158 158 210 220 146 156 289 289
0309D 62 148 148 0 0 219 219 142 142 0 0 141 141 138 138 278 278 148 168 158 158 0 0 156 156 0 0
0309E 62 148 148 197 197 201 201 132 136 261 263 141 149 138 138 280 282 146 168 160 160 0 0 156 156 0 0
0625A 122 148 148 201 205 201 204 138 138 257 257 137 141 138 144 282 286 146 168 158 158 218 222 148 172 0 0
0625B 122 147 148 197 197 201 201 140 144 257 261 137 145 138 138 270 280 146 146 158 158 218 222 146 166 285 291
0625C 122 148 148 197 197 207 210 132 146 257 259 139 145 132 138 282 284 146 160 160 160 210 212 146 146 285 289
0625D 122 147 148 197 197 201 207 132 152 257 257 147 161 138 138 278 282 160 160 158 158 210 210 146 164 285 289
1029C 193 148 148 197 217 201 201 132 142 259 259 141 161 138 138 0 0 158 172 158 158 0 0 0 0 291 291
1029D 193 146 148 201 211 204 210 136 138 259 259 147 161 138 144 0 0 146 146 158 158 0 0 0 0 0 0
1029G 193 146 146 205 205 0 0 132 142 0 0 135 137 138 138 0 0 148 148 158 158 0 0 0 0 0 0
1187B 29 146 148 197 215 198 201 134 136 257 257 137 141 132 138 278 288 146 146 158 158 220 220 142 146 285 289
1187C 29 148 148 197 211 201 210 138 142 257 257 141 165 132 144 278 278 146 172 158 158 218 222 148 156 291 291
1187D 29 148 148 197 199 207 210 140 140 259 259 141 147 132 138 280 282 146 160 154 158 216 220 0 0 0 0
1187E 29 146 146 203 215 204 204 132 132 257 257 147 157 138 138 266 286 146 160 158 158 220 222 142 142 287 289
1314A 193 146 146 201 201 204 207 0 0 0 0 147 147 138 138 282 286 146 146 158 158 218 220 148 148 287 291
1314B 193 146 148 197 205 204 204 138 142 259 259 145 145 0 0 0 0 146 170 158 158 220 222 148 172 285 289
1314C 193 148 148 201 217 207 207 130 144 257 259 141 159 138 144 280 280 146 168 158 158 210 218 146 146 289 289
1314D 193 146 148 197 211 201 207 132 136 257 271 147 151 138 144 278 278 146 166 158 158 218 218 142 166 285 289
1314E 193 148 148 197 201 204 210 140 142 257 259 147 147 138 138 0 0 146 146 158 158 218 218 144 148 285 287
1319A 62 146 148 197 197 207 210 138 142 257 259 137 149 138 138 266 266 146 168 158 158 214 214 146 148 285 289
1319B 62 148 148 197 197 207 210 138 142 257 259 145 147 138 138 278 286 148 166 158 158 218 218 0 0 289 289
1600A 29 148 148 197 211 204 207 138 142 257 257 137 159 138 138 280 286 146 146 158 158 218 220 146 158 285 289
1600B 29 148 148 197 205 201 207 132 138 257 257 137 157 138 138 278 280 146 166 158 160 214 216 148 168 285 285
1600C 29 146 148 197 197 207 207 0 0 257 259 147 153 138 138 278 278 148 172 158 158 218 220 154 164 285 291
1630A 193 148 148 199 213 201 201 136 142 259 259 147 147 132 138 276 276 146 146 158 158 0 0 142 146 295 301
1630B 193 146 146 197 227 201 201 134 138 257 257 147 147 138 138 278 278 0 0 158 158 0 0 146 146 285 285
1630C 193 0 0 0 0 0 0 134 142 259 261 141 151 138 138 0 0 146 146 158 158 0 0 0 0 285 285
1711A 286 146 148 205 213 204 210 140 146 257 257 137 149 138 138 280 280 146 146 158 158 0 0 142 148 273 273
1711B 286 146 146 197 217 204 204 140 140 259 271 137 149 138 138 266 286 146 154 158 158 218 220 146 166 273 285
1711C 286 148 148 197 201 0 0 128 128 0 0 145 145 138 138 0 0 146 146 158 158 0 0 0 0 0 0
1711D 286 148 148 191 197 204 207 130 132 257 259 0 0 138 138 280 282 0 0 158 158 0 0 146 150 303 303
1711E 286 148 148 197 197 213 213 0 0 259 259 141 141 138 138 290 290 0 0 158 158 0 0 0 0 285 285
1715B 205 146 148 191 197 201 207 130 136 259 259 141 149 138 138 278 280 146 146 158 158 214 216 146 148 277 291
1715C 205 142 148 201 201 204 204 140 142 259 273 147 161 138 138 278 278 146 164 158 158 216 218 146 164 285 285
1715D 205 147 148 197 205 207 207 138 142 257 257 137 141 138 144 286 286 148 166 158 158 214 218 146 168 289 289
1715E 205 148 148 201 211 207 207 130 130 259 259 147 161 138 138 278 286 146 148 158 158 214 222 146 172 285 285
1726A 205 148 148 191 199 201 207 136 136 257 259 147 149 132 138 278 280 146 154 158 158 218 222 146 148 285 285
1726B 205 148 148 201 211 207 207 134 140 0 0 147 157 138 138 280 282 146 146 158 158 0 0 0 0 285 285
1783A 205 148 148 193 193 0 0 0 0 0 0 149 153 132 138 0 0 146 154 158 158 0 0 146 146 0 0
1783B 205 146 148 205 217 201 207 134 136 257 259 137 141 138 138 278 290 146 146 158 158 218 220 142 146 285 291
1783C 205 148 148 193 201 201 201 136 140 257 259 153 159 138 138 278 280 146 168 158 158 210 218 146 148 285 295
1783D 205 148 148 193 197 201 207 132 136 257 257 149 151 132 138 276 278 146 172 158 158 218 222 148 170 291 295
1783E 205 147 148 197 201 198 207 140 140 257 257 139 147 138 138 272 286 146 174 158 158 214 216 146 162 285 291
2008C 62 148 148 205 217 204 207 138 140 257 259 151 161 138 138 280 282 166 172 158 158 210 218 164 170 285 295
2008D 62 137 147 205 205 201 207 132 138 259 261 137 147 138 138 278 282 146 166 158 160 216 218 146 146 289 289
2008E 62 148 148 197 213 201 201 136 138 257 259 141 145 138 138 0 0 146 160 158 158 218 218 146 170 285 285
2008F 62 148 148 201 201 0 0 0 0 257 257 147 147 132 138 280 280 146 146 158 158 0 0 0 0 0 0
2008G 62 148 148 199 211 207 207 142 142 257 259 141 153 132 138 282 284 146 168 158 158 218 218 146 146 0 0
2008H 62 146 148 197 201 201 204 140 144 257 257 147 147 138 138 278 282 146 158 158 158 220 220 146 154 285 285
2033A 328 148 148 201 213 201 204 132 140 259 259 0 0 0 0 0 0 162 166 158 158 214 216 146 146 285 291
2159A 328 148 148 197 227 201 210 132 138 257 257 147 147 138 138 280 280 160 168 158 160 216 218 146 156 285 287
2159B 328 146 148 197 221 201 207 144 152 257 257 145 147 138 138 276 288 146 160 158 160 218 220 146 156 285 287
2159C 328 148 148 197 211 201 207 140 144 257 257 143 151 138 138 282 286 146 146 158 158 218 220 146 166 279 279
2159E 328 146 146 197 221 201 201 140 140 257 259 145 151 138 138 266 278 166 172 158 158 218 222 142 146 289 291
2341B 62 147 148 197 203 204 204 140 140 257 259 137 141 138 138 282 282 168 168 158 158 218 218 146 146 0 0
2341C 62 148 148 201 205 201 207 136 138 273 273 141 151 138 138 272 280 146 148 158 160 216 220 146 166 291 295
2351A 62 148 148 197 203 201 207 140 140 257 261 155 159 138 138 278 278 146 160 158 160 218 218 154 172 285 289
2366A 122 148 148 0 0 0 0 0 0 0 0 153 153 138 138 0 0 146 146 158 158 0 0 142 144 285 287
2366B 122 148 148 0 0 0 0 0 0 257 257 149 149 132 138 0 0 146 154 156 158 0 0 146 146 0 0
2366C 122 148 148 201 201 207 207 136 136 257 271 153 165 138 144 278 282 146 178 158 158 214 214 144 164 277 285
2366D 122 146 147 197 203 201 207 140 140 257 265 139 153 138 138 284 288 146 178 158 158 214 214 146 166 285 285
2409A 122 148 148 201 203 204 204 132 142 257 259 159 159 138 138 278 280 146 160 158 158 0 0 142 142 0 0
2423C 205 147 148 197 211 201 207 134 138 257 259 147 151 138 138 280 282 146 146 158 158 214 218 146 146 287 289
2423D 205 148 148 197 197 207 210 136 142 257 257 143 159 138 144 280 286 146 146 158 158 218 220 0 0 289 289
2423E 205 148 161 197 197 207 207 0 0 0 0 159 159 132 138 278 286 154 154 158 160 214 214 0 0 0 0
2856A 22 148 148 199 205 201 204 0 0 0 0 151 151 132 138 278 278 146 160 158 158 0 0 154 154 273 277
2856B 22 148 148 197 201 201 204 0 0 257 259 145 153 138 138 278 278 146 174 158 160 214 214 144 170 291 295
2856C 22 148 148 199 203 201 204 0 0 257 259 141 147 138 138 266 280 146 168 158 158 218 220 146 170 273 181
2856E 22 148 148 197 201 201 210 0 0 257 259 137 159 138 138 280 282 146 170 158 158 218 218 0 0 0 0
3026A 17 142 148 191 211 207 207 128 132 259 273 137 151 138 144 278 280 146 166 154 158 218 220 146 154 285 295
3026B 17 147 148 197 227 204 207 138 142 259 273 137 141 138 138 280 286 146 174 158 158 218 220 0 0 0 0
3253A 205 147 148 197 213 201 201 132 132 257 259 141 143 132 138 282 286 146 160 158 160 210 214 146 156 291 291
3280A 328 147 148 197 213 204 204 132 138 259 259 141 141 138 138 280 282 146 146 158 158 218 222 146 166 285 303
3280B 328 148 148 205 219 204 207 140 144 257 257 137 159 132 138 282 282 146 160 158 158 212 220 146 146 289 293
3760C 122 161 161 193 241 0 0 138 138 273 273 153 155 0 0 0 0 178 180 152 152 200 204 158 174 283 283
4249A 193 147 148 201 203 204 207 132 136 259 259 157 157 132 138 282 282 146 174 158 158 214 220 148 164 287 295
4316A 17 148 148 203 211 201 207 140 140 261 261 139 165 138 138 276 280 146 172 158 160 210 220 0 0 285 285
4316B 17 148 148 201 205 201 201 144 146 259 259 137 165 138 138 276 280 146 146 158 158 214 218 146 182 289 289
4316C 17 148 148 201 207 201 204 0 0 0 0 147 165 138 144 276 280 146 148 158 158 214 222 146 146 293 293
4316D 17 148 148 197 211 201 204 136 140 261 261 149 161 132 138 266 290 146 146 158 158 218 218 0 0 0 0
4316E 17 148 172 201 203 201 207 136 144 261 261 157 159 138 138 280 280 146 146 158 158 214 222 0 0 0 0
5597A 22 148 148 199 199 207 210 0 0 261 261 141 161 132 138 288 288 146 170 158 158 0 0 0 0 279 291
5597B 22 148 148 197 201 201 201 130 132 259 259 141 153 132 138 282 282 146 168 158 158 210 218 156 172 281 291
5597C 22 148 148 197 197 204 210 130 130 259 271 145 161 132 138 280 282 158 166 158 160 214 218 146 146 285 285
5597D 22 148 148 201 205 201 207 130 142 259 259 147 149 138 138 0 0 146 148 158 158 0 0 146 146 0 0
5637A 205 147 148 203 203 201 207 142 142 257 257 147 159 138 138 280 280 146 148 158 160 218 222 146 148 285 293
5637C 205 146 148 201 221 207 210 132 140 257 257 143 149 132 138 0 0 154 172 158 158 222 222 146 146 285 291
5637D 205 146 147 191 201 207 210 132 142 0 0 137 147 138 138 0 0 148 168 158 158 0 0 0 0 0 0
5637E 205 147 148 197 203 0 0 140 140 0 0 141 147 138 138 0 0 146 148 158 160 0 0 0 0 0 0
5912A 286 147 148 199 205 204 207 140 140 259 269 149 159 132 138 280 286 146 160 158 160 216 218 146 146 285 297
5912B 286 148 148 197 205 207 207 130 142 257 257 149 161 132 138 276 278 146 166 158 158 218 220 142 146 285 291
5912C 286 0 0 0 0 0 0 140 140 269 269 0 0 138 138 278 278 148 160 158 160 216 216 142 146 289 289
5912D 286 147 147 193 197 207 207 132 132 0 0 147 147 132 138 0 0 146 166 156 156 0 0 146 148 0 0
5954B 286 0 0 0 0 216 216 132 132 257 257 0 0 138 138 0 0 146 146 158 158 0 0 144 146 283 283
5954C 286 148 148 197 197 0 0 0 0 0 0 147 147 138 138 0 0 148 148 158 158 0 0 148 148 0 0
5954D 286 148 148 199 199 0 0 134 134 259 259 161 161 138 144 0 0 0 0 0 0 0 0 146 146 0 0
5954E 286 151 151 199 205 0 0 134 134 0 0 0 0 132 138 0 0 0 0 0 0 214 214 160 160 0 0
6136A 29 148 148 197 201 204 210 128 140 257 259 137 157 132 138 280 280 142 146 158 158 218 218 142 146 285 289
6136B 29 148 148 197 203 204 207 132 138 257 273 137 153 138 138 278 286 146 146 152 152 188 188 0 0 293 293
6136C 29 147 148 197 201 207 210 136 144 259 273 145 151 132 144 276 282 146 146 0 0 0 0 146 158 297 297
6337A 328 148 148 197 197 189 189 140 140 0 0 137 153 138 138 280 280 146 146 158 158 210 210 156 156 273 273
6337B 328 146 148 205 217 201 207 142 142 257 257 141 153 138 138 278 286 160 166 158 158 218 218 156 166 273 273
6337C 328 148 148 197 215 207 210 140 142 259 267 147 165 138 138 280 280 146 154 158 158 218 218 146 164 273 273
6337D 328 146 148 197 221 207 207 128 128 257 259 147 147 138 138 278 278 158 168 144 160 0 0 146 148 0 0
6337E 328 146 148 201 227 204 207 132 140 257 259 147 149 138 138 274 280 146 170 160 160 188 188 146 146 0 0
6382C 122 146 148 199 205 201 207 136 138 257 259 149 153 138 138 280 286 146 146 158 158 208 220 156 164 289 291
6382E 122 148 148 197 201 201 207 132 142 257 257 147 153 132 138 276 282 160 170 158 158 214 220 146 162 289 297
6382F 122 0 0 0 0 0 0 0 0 257 257 143 143 132 138 282 284 170 170 158 158 0 0 158 172 0 0
6382G 122 142 148 197 201 201 204 138 140 259 273 141 149 132 138 278 280 146 158 158 162 0 0 146 168 0 0
6514C 62 148 148 197 199 201 204 132 140 257 273 141 149 138 138 278 280 146 148 158 158 218 218 142 160 285 291
6514E 62 148 148 193 199 201 207 142 152 257 259 149 161 138 138 278 280 146 148 158 158 212 220 142 146 289 289
6514F 62 148 148 197 201 207 207 140 140 257 259 145 147 132 138 278 286 168 170 158 158 210 220 146 146 285 285
6514G 62 148 148 201 201 0 0 136 136 0 0 151 151 138 138 0 0 146 148 0 0 210 216 142 160 285 291
6514H 62 148 148 201 201 204 207 138 144 0 0 147 147 138 138 288 288 146 158 158 158 218 222 146 146 0 0
6546B 328 148 148 199 205 204 204 142 144 257 271 139 165 132 138 286 286 142 142 0 0 0 0 146 162 0 0
6546C 328 148 148 197 199 201 204 0 0 0 0 147 165 138 138 278 278 146 146 158 158 0 0 146 166 0 0
6706A 193 147 148 201 205 207 210 132 152 257 257 141 165 138 138 280 280 146 148 0 0 0 0 146 146 0 0
6706B 193 146 148 199 201 207 207 132 134 257 271 141 147 138 144 0 0 146 146 0 0 0 0 162 166 0 0
6723B 22 148 148 0 0 0 0 132 132 0 0 143 143 135 138 0 0 146 148 158 158 0 0 146 146 0 0
