

----------------------------------------------------
STRUCTURE by Pritchard, Stephens and Donnelly (2000)
     and Falush, Stephens and Pritchard (2003)
       Code by Pritchard, Falush and Hubisz
             Version 2.3.4 (Jul 2012)
----------------------------------------------------



Command line arguments:   ./structure -m mainparams_bws17_k5_2 
Input File:    bws17_structure.txt

Run parameters:
   97 individuals
   12 loci
   5 populations assumed
   10000 Burn-in period
   20000 Reps


--------------------------------------------
Proportion of membership of each pre-defined
 population in each of the 5 clusters

Given    Inferred Clusters                     Number of
 Pop       1      2      3      4      5      Individuals

  1:     0.265  0.195  0.368  0.101  0.071       15
  2:     0.279  0.151  0.287  0.233  0.050       21
  3:     0.305  0.217  0.231  0.237  0.010       22
  4:     0.205  0.194  0.283  0.215  0.103       10
  5:     0.248  0.181  0.334  0.139  0.098       12
  6:     0.188  0.548  0.110  0.150  0.004       17
--------------------------------------------

Allele-freq. divergence among pops (Net nucleotide distance),
computed using point estimates of P.

      1       2       3       4       5      
 1      -    0.0119  0.0086  0.0056  0.1484  
 2   0.0119     -    0.0241  0.0172  0.1691  
 3   0.0086  0.0241     -    0.0125  0.1617  
 4   0.0056  0.0172  0.0125     -    0.1170  
 5   0.1484  0.1691  0.1617  0.1170     -    

Average distances (expected heterozygosity) between individuals in same cluster:
cluster  1  : 0.6685 
cluster  2  : 0.6354 
cluster  3  : 0.6431 
cluster  4  : 0.7445 
cluster  5  : 0.7375 

--------------------------------------------
Estimated Ln Prob of Data   = -3393.9
Mean value of ln likelihood = -3161.1
Variance of ln likelihood   = 465.7
Mean value of alpha         = 0.0388

Mean value of Fst_1         = 0.0759
Mean value of Fst_2         = 0.1157
Mean value of Fst_3         = 0.0820
Mean value of Fst_4         = 0.0013
Mean value of Fst_5         = 0.2517


Inferred ancestry of individuals:
        Label (%Miss) Pop:  Inferred clusters
  1       12    (0)    1 :  0.365 0.157 0.224 0.249 0.004 
  2       45   (16)    2 :  0.364 0.411 0.131 0.088 0.006 
  3       68    (0)    3 :  0.369 0.085 0.034 0.499 0.013 
  4    0078F   (50)    6 :  0.356 0.381 0.088 0.170 0.005 
  5       89    (0)    4 :  0.351 0.092 0.272 0.282 0.003 
  6      110    (0)    4 :  0.429 0.500 0.015 0.052 0.005 
  7      124    (8)    2 :  0.046 0.086 0.013 0.842 0.013 
  8      148    (0)    4 :  0.339 0.516 0.035 0.106 0.004 
  9      192    (0)    4 :  0.221 0.045 0.103 0.623 0.007 
 10      224    (0)    3 :  0.539 0.058 0.138 0.253 0.011 
 11      304    (8)    3 :  0.040 0.020 0.924 0.013 0.003 
 12      307    (0)    3 :  0.015 0.010 0.024 0.929 0.022 
 13      315    (0)    5 :  0.386 0.416 0.120 0.074 0.004 
 14      335    (8)    2 :  0.095 0.012 0.320 0.568 0.005 
 15      336    (0)    5 :  0.055 0.031 0.625 0.287 0.003 
 16      385    (8)    3 :  0.391 0.207 0.199 0.199 0.003 
 17      397    (0)    5 :  0.377 0.122 0.415 0.081 0.004 
 18      398    (8)    3 :  0.459 0.268 0.068 0.199 0.005 
 19      434    (8)    2 :  0.010 0.014 0.006 0.007 0.963 
 20      445    (0)    2 :  0.251 0.037 0.562 0.144 0.005 
 21      453    (0)    1 :  0.205 0.143 0.553 0.097 0.003 
 22      456    (8)    1 :  0.430 0.053 0.460 0.047 0.010 
 23      496    (0)    1 :  0.379 0.443 0.027 0.126 0.025 
 24      564    (8)    3 :  0.257 0.065 0.582 0.092 0.005 
 25      583    (0)    3 :  0.298 0.350 0.136 0.212 0.004 
 26      655    (8)    5 :  0.224 0.023 0.622 0.126 0.005 
 27      830    (0)    3 :  0.530 0.392 0.023 0.051 0.003 
 28      879    (8)    1 :  0.352 0.019 0.462 0.161 0.006 
 29      886    (0)    3 :  0.457 0.218 0.221 0.098 0.005 
 30      897    (0)    4 :  0.048 0.019 0.040 0.886 0.006 
 31      917    (0)    4 :  0.332 0.162 0.458 0.045 0.003 
 32      933    (8)    3 :  0.254 0.289 0.094 0.335 0.028 
 33      941   (16)    3 :  0.116 0.752 0.101 0.027 0.003 
 34      966    (8)    3 :  0.376 0.046 0.327 0.248 0.003 
 35     1028    (0)    5 :  0.263 0.074 0.422 0.237 0.003 
 36     1067    (0)    4 :  0.029 0.012 0.928 0.028 0.003 
 37     1071    (0)    1 :  0.059 0.011 0.843 0.085 0.003 
 38     1112    (0)    3 :  0.434 0.377 0.049 0.136 0.004 
 39    1285B    (8)    6 :  0.280 0.617 0.036 0.063 0.005 
 40    1285D    (0)    6 :  0.197 0.730 0.015 0.055 0.002 
 41    1285E    (0)    6 :  0.097 0.230 0.017 0.652 0.004 
 42    1285F   (25)    6 :  0.240 0.478 0.231 0.047 0.003 
 43    1285G    (0)    6 :  0.253 0.629 0.103 0.010 0.005 
 44    1285I    (0)    6 :  0.326 0.500 0.050 0.120 0.004 
 45     1287   (41)    5 :  0.181 0.106 0.414 0.146 0.154 
 46     1312    (8)    5 :  0.006 0.006 0.004 0.015 0.970 
 47     1326   (16)    4 :  0.215 0.564 0.139 0.076 0.006 
 48     1343    (8)    3 :  0.600 0.050 0.074 0.269 0.007 
 49     1353    (0)    3 :  0.071 0.014 0.879 0.034 0.002 
 50     1357    (8)    2 :  0.130 0.032 0.474 0.360 0.004 
 51     1362    (0)    4 :  0.086 0.026 0.838 0.047 0.004 
 52     1391    (8)    2 :  0.119 0.015 0.011 0.852 0.003 
 53     1409    (0)    2 :  0.479 0.374 0.078 0.065 0.004 
 54     1424    (8)    1 :  0.178 0.060 0.568 0.190 0.004 
 55    1424C   (33)    1 :  0.151 0.784 0.017 0.040 0.009 
 56    1424E   (16)    1 :  0.154 0.119 0.683 0.040 0.003 
 57    1424F   (33)    1 :  0.152 0.018 0.743 0.083 0.004 
 58    1424G   (33)    1 :  0.176 0.063 0.666 0.087 0.007 
 59     1432    (0)    6 :  0.179 0.778 0.026 0.015 0.003 
 60     1442    (0)    2 :  0.379 0.100 0.272 0.246 0.004 
 61     1450   (25)    5 :  0.202 0.235 0.270 0.289 0.004 
 62     1476    (0)    2 :  0.239 0.018 0.684 0.055 0.004 
 63     1519    (0)    2 :  0.497 0.268 0.205 0.026 0.004 
 64     1568    (0)    3 :  0.253 0.097 0.140 0.507 0.003 
 65     1579   (25)    2 :  0.094 0.028 0.846 0.030 0.003 
 66     1614    (8)    2 :  0.211 0.140 0.458 0.188 0.003 
 67     1617   (16)    1 :  0.010 0.005 0.006 0.011 0.968 
 68     1621    (0)    2 :  0.326 0.315 0.237 0.117 0.005 
 69     1825    (8)    2 :  0.171 0.074 0.457 0.295 0.004 
 70     1829    (8)    1 :  0.329 0.599 0.020 0.049 0.003 
 71     1836    (0)    4 :  0.003 0.003 0.002 0.004 0.988 
 72     1868   (41)    3 :  0.008 0.010 0.025 0.879 0.078 
 73     1900    (0)    2 :  0.584 0.302 0.051 0.059 0.003 
 74     1923    (0)    2 :  0.349 0.037 0.307 0.303 0.004 
 75     1924    (8)    6 :  0.036 0.897 0.026 0.038 0.003 
 76     1938    (0)    2 :  0.395 0.190 0.174 0.237 0.004 
 77     1945    (0)    5 :  0.430 0.481 0.023 0.063 0.003 
 78     2016   (16)    1 :  0.425 0.294 0.212 0.066 0.004 
 79     2066   (16)    5 :  0.207 0.062 0.585 0.143 0.003 
 80     3027    (8)    2 :  0.379 0.128 0.273 0.215 0.004 
 81     3051    (0)    3 :  0.140 0.837 0.010 0.010 0.003 
 82     3056    (0)    2 :  0.427 0.358 0.042 0.170 0.003 
 83     3079    (0)    5 :  0.331 0.033 0.459 0.165 0.012 
 84     3093   (16)    3 :  0.487 0.280 0.204 0.025 0.005 
 85    3129B   (41)    6 :  0.140 0.096 0.036 0.723 0.005 
 86    3129C   (41)    6 :  0.143 0.073 0.746 0.032 0.006 
 87    3129H   (25)    6 :  0.149 0.624 0.050 0.171 0.006 
 88    3129L   (41)    6 :  0.075 0.713 0.026 0.182 0.004 
 89    3129N   (41)    6 :  0.142 0.586 0.175 0.092 0.005 
 90    3129O   (25)    6 :  0.160 0.737 0.041 0.056 0.005 
 91    3129P    (8)    6 :  0.058 0.870 0.046 0.022 0.003 
 92     3141    (0)    3 :  0.534 0.296 0.123 0.042 0.004 
 93     3144    (0)    2 :  0.304 0.241 0.424 0.026 0.004 
 94     3167    (0)    1 :  0.616 0.161 0.032 0.185 0.006 
 95     3174    (8)    5 :  0.316 0.589 0.046 0.043 0.006 
 96     3177    (0)    6 :  0.369 0.375 0.151 0.101 0.003 
 97     3271    (8)    3 :  0.086 0.051 0.711 0.148 0.003 


Estimated Allele Frequencies in each cluster
First column gives estimated ancestral frequencies


Locus 1 : 
6 alleles
0.0% missing data
 148   (0.673) 0.801 0.693 0.788 0.672 0.200 
 146   (0.122) 0.095 0.152 0.083 0.122 0.035 
 147   (0.113) 0.084 0.142 0.111 0.113 0.032 
 160   (0.050) 0.012 0.008 0.010 0.051 0.637 
 172   (0.021) 0.005 0.003 0.004 0.020 0.088 
 158   (0.021) 0.005 0.003 0.004 0.021 0.009 

Locus 2 : 
18 alleles
1.0% missing data
 199   (0.067) 0.093 0.033 0.043 0.068 0.020 
 201   (0.162) 0.243 0.295 0.179 0.161 0.045 
 197   (0.238) 0.301 0.437 0.369 0.238 0.077 
 205   (0.097) 0.096 0.054 0.058 0.099 0.029 
 211   (0.073) 0.060 0.049 0.071 0.073 0.021 
 225   (0.027) 0.013 0.006 0.008 0.027 0.007 
 207   (0.024) 0.010 0.005 0.016 0.024 0.006 
 217   (0.023) 0.010 0.004 0.018 0.023 0.007 
 193   (0.043) 0.041 0.022 0.022 0.043 0.012 
 203   (0.045) 0.033 0.016 0.051 0.045 0.013 
 191   (0.054) 0.049 0.035 0.106 0.053 0.015 
 255   (0.018) 0.004 0.003 0.003 0.017 0.422 
 195   (0.025) 0.007 0.004 0.006 0.026 0.007 
 223   (0.019) 0.011 0.004 0.009 0.019 0.005 
 241   (0.023) 0.007 0.004 0.007 0.023 0.218 
 237   (0.017) 0.004 0.003 0.003 0.016 0.083 
 213   (0.028) 0.012 0.024 0.027 0.027 0.008 
 215   (0.016) 0.007 0.004 0.005 0.016 0.004 

Locus 3 : 
10 alleles
9.3% missing data
 201   (0.258) 0.343 0.284 0.327 0.257 0.259 
 210   (0.135) 0.136 0.074 0.170 0.134 0.126 
 204   (0.203) 0.230 0.159 0.182 0.204 0.060 
 207   (0.285) 0.259 0.462 0.269 0.288 0.084 
 214   (0.019) 0.005 0.003 0.004 0.020 0.006 
 192   (0.021) 0.005 0.004 0.004 0.020 0.269 
 198   (0.019) 0.005 0.003 0.018 0.018 0.005 
 189   (0.018) 0.004 0.003 0.004 0.017 0.090 
 219   (0.021) 0.008 0.004 0.017 0.020 0.006 
 183   (0.021) 0.005 0.004 0.004 0.020 0.094 

Locus 4 : 
14 alleles
3.1% missing data
 140   (0.153) 0.200 0.280 0.144 0.153 0.042 
 142   (0.161) 0.170 0.127 0.251 0.161 0.047 
 138   (0.096) 0.104 0.066 0.085 0.095 0.378 
 152   (0.026) 0.029 0.027 0.010 0.026 0.007 
 146   (0.028) 0.021 0.009 0.016 0.028 0.007 
 132   (0.107) 0.117 0.266 0.055 0.107 0.108 
 134   (0.078) 0.079 0.028 0.061 0.078 0.309 
 130   (0.085) 0.084 0.080 0.125 0.085 0.023 
 136   (0.106) 0.106 0.061 0.128 0.107 0.036 
 128   (0.036) 0.017 0.009 0.043 0.036 0.010 
 150   (0.017) 0.004 0.003 0.004 0.017 0.005 
 144   (0.060) 0.054 0.036 0.068 0.060 0.016 
 148   (0.028) 0.009 0.006 0.006 0.028 0.007 
 160   (0.019) 0.006 0.004 0.004 0.019 0.005 

Locus 5 : 
9 alleles
7.2% missing data
 257   (0.270) 0.302 0.198 0.373 0.270 0.086 
 259   (0.427) 0.490 0.689 0.480 0.425 0.200 
 271   (0.074) 0.075 0.056 0.019 0.073 0.103 
 273   (0.047) 0.022 0.012 0.019 0.047 0.552 
 255   (0.046) 0.016 0.009 0.027 0.047 0.016 
 261   (0.063) 0.060 0.022 0.056 0.063 0.018 
 269   (0.027) 0.020 0.006 0.015 0.026 0.007 
 243   (0.029) 0.010 0.005 0.006 0.030 0.008 
 265   (0.018) 0.004 0.003 0.004 0.019 0.008 

Locus 6 : 
11 alleles
26.8% missing data
 155   (0.399) 0.493 0.471 0.469 0.401 0.179 
 170   (0.097) 0.084 0.057 0.059 0.098 0.045 
 173   (0.040) 0.025 0.047 0.015 0.040 0.018 
 164   (0.071) 0.084 0.103 0.023 0.071 0.034 
 158   (0.183) 0.187 0.113 0.324 0.181 0.358 
 149   (0.043) 0.014 0.011 0.022 0.044 0.024 
 188   (0.040) 0.051 0.105 0.048 0.039 0.017 
 161   (0.035) 0.010 0.008 0.009 0.035 0.282 
 152   (0.025) 0.008 0.006 0.006 0.025 0.010 
 143   (0.040) 0.018 0.056 0.012 0.040 0.023 
 200   (0.027) 0.026 0.023 0.013 0.027 0.012 

Locus 7 : 
18 alleles
5.2% missing data
 145   (0.071) 0.071 0.044 0.170 0.070 0.020 
 157   (0.038) 0.020 0.016 0.017 0.039 0.013 
 137   (0.058) 0.056 0.084 0.046 0.057 0.017 
 159   (0.085) 0.060 0.115 0.053 0.086 0.025 
 149   (0.107) 0.109 0.086 0.094 0.107 0.123 
 151   (0.126) 0.165 0.214 0.074 0.128 0.039 
 139   (0.045) 0.030 0.014 0.021 0.046 0.013 
 147   (0.125) 0.187 0.211 0.134 0.125 0.120 
 153   (0.063) 0.067 0.119 0.023 0.062 0.103 
 141   (0.074) 0.088 0.024 0.228 0.074 0.022 
 161   (0.058) 0.066 0.024 0.049 0.057 0.104 
 143   (0.020) 0.005 0.003 0.031 0.020 0.006 
 165   (0.043) 0.044 0.025 0.029 0.042 0.106 
 181   (0.018) 0.007 0.005 0.012 0.017 0.005 
 135   (0.017) 0.005 0.006 0.004 0.018 0.005 
 155   (0.019) 0.004 0.003 0.004 0.018 0.269 
 177   (0.017) 0.011 0.003 0.008 0.016 0.005 
 132   (0.018) 0.006 0.004 0.004 0.018 0.005 

Locus 8 : 
6 alleles
28.9% missing data
 132   (0.141) 0.159 0.177 0.099 0.141 0.066 
 138   (0.736) 0.789 0.767 0.790 0.739 0.608 
 135   (0.024) 0.008 0.005 0.019 0.023 0.011 
 141   (0.037) 0.019 0.036 0.030 0.037 0.017 
 144   (0.035) 0.017 0.011 0.055 0.034 0.016 
 129   (0.026) 0.007 0.005 0.007 0.026 0.283 

Locus 9 : 
14 alleles
14.4% missing data
 266   (0.039) 0.027 0.025 0.015 0.039 0.094 
 288   (0.043) 0.027 0.012 0.019 0.044 0.012 
 282   (0.173) 0.185 0.283 0.104 0.174 0.144 
 286   (0.116) 0.169 0.157 0.083 0.115 0.214 
 278   (0.150) 0.234 0.157 0.162 0.150 0.132 
 280   (0.178) 0.157 0.093 0.247 0.181 0.138 
 274   (0.064) 0.032 0.017 0.100 0.065 0.022 
 276   (0.038) 0.044 0.072 0.015 0.037 0.011 
 292   (0.018) 0.005 0.005 0.004 0.019 0.006 
 270   (0.048) 0.025 0.107 0.039 0.047 0.014 
 272   (0.028) 0.011 0.006 0.112 0.027 0.008 
 284   (0.066) 0.074 0.056 0.080 0.065 0.019 
 300   (0.020) 0.005 0.004 0.004 0.019 0.180 
 290   (0.020) 0.007 0.005 0.017 0.019 0.006 

Locus 10 : 
18 alleles
1.0% missing data
 146   (0.335) 0.469 0.451 0.538 0.337 0.106 
 172   (0.036) 0.025 0.017 0.013 0.036 0.010 
 166   (0.048) 0.029 0.044 0.012 0.047 0.197 
 160   (0.080) 0.077 0.026 0.084 0.082 0.024 
 186   (0.027) 0.006 0.005 0.005 0.027 0.185 
 158   (0.029) 0.019 0.022 0.012 0.028 0.008 
 170   (0.070) 0.089 0.051 0.032 0.070 0.020 
 148   (0.084) 0.101 0.070 0.165 0.083 0.024 
 178   (0.027) 0.011 0.010 0.006 0.027 0.011 
 168   (0.069) 0.084 0.187 0.032 0.069 0.020 
 164   (0.029) 0.021 0.007 0.047 0.029 0.008 
 180   (0.025) 0.010 0.005 0.014 0.025 0.007 
 174   (0.042) 0.020 0.044 0.012 0.042 0.100 
 184   (0.018) 0.004 0.003 0.004 0.017 0.175 
 162   (0.024) 0.009 0.005 0.011 0.025 0.007 
 194   (0.017) 0.004 0.003 0.003 0.016 0.086 
 154   (0.022) 0.015 0.020 0.005 0.021 0.006 
 144   (0.019) 0.006 0.032 0.004 0.019 0.005 

Locus 11 : 
9 alleles
1.0% missing data
 158   (0.759) 0.869 0.897 0.930 0.760 0.215 
 160   (0.065) 0.056 0.051 0.021 0.066 0.018 
 154   (0.036) 0.020 0.010 0.012 0.036 0.010 
 170   (0.029) 0.008 0.006 0.006 0.030 0.009 
 152   (0.031) 0.012 0.010 0.008 0.030 0.484 
 162   (0.018) 0.004 0.003 0.003 0.017 0.084 
 166   (0.019) 0.004 0.003 0.004 0.018 0.169 
 144   (0.020) 0.007 0.004 0.010 0.019 0.005 
 156   (0.024) 0.021 0.016 0.006 0.023 0.006 

Locus 12 : 
12 alleles
10.3% missing data
 218   (0.312) 0.367 0.486 0.455 0.312 0.098 
 212   (0.065) 0.079 0.077 0.020 0.065 0.019 
 222   (0.063) 0.081 0.042 0.070 0.062 0.018 
 214   (0.126) 0.111 0.073 0.165 0.127 0.037 
 220   (0.191) 0.181 0.202 0.155 0.193 0.055 
 216   (0.076) 0.114 0.082 0.042 0.076 0.022 
 210   (0.041) 0.030 0.011 0.052 0.040 0.012 
 202   (0.029) 0.007 0.005 0.006 0.028 0.370 
 224   (0.040) 0.017 0.011 0.023 0.040 0.011 
 200   (0.020) 0.005 0.004 0.004 0.019 0.175 
 206   (0.018) 0.004 0.004 0.004 0.017 0.176 
 194   (0.019) 0.005 0.003 0.004 0.019 0.008 

Values of parameters used in structure:
DATAFILE=bws17_structure.txt,	OUTFILE=bws17_structurek5_2_results,	NUMINDS=97,	NUMLOCI=12,	MISSING=-9,	LABEL=1,	POPDATA=1,	POPFLAG=0,	PHENOTYPE=0,	EXTRACOLS=0,	MAXPOPS=5,	BURNIN=10000,	NUMREPS=20000,	USEPOPINFO=0,	INFERALPHA=1,	INFERLAMBDA=0,	POPSPECIFICLAMBDA=0,	POPALPHAS=0,	COMPUTEPROB=1,	NOADMIX=0,	ADMBURNIN=500,	UPDATEFREQ=100,	PRINTLIKES=0,	INTERMEDSAVE=0,	PRINTKLD=0,	PRINTNET=1,	PRINTLAMBDA=1,	ANCESTDIST=0,	NUMBOXES=1000,	ANCESTPINT=0.90000,	GENSBACK=2,	MIGRPRIOR=0.01000,	PRINTQHAT=0,	PRINTQSUM=1,	ALPHA=1.0000,	FREQSCORR=1,	FPRIORMEAN=0.0100,	FPRIORSD=0.0500,	ONEFST=0,	LAMBDA=1.0000,	UNIFPRIORALPHA=1,	ALPHAMAX=10.0000,	ALPHAPRIORA=1.0000,	ALPHAPRIORB=2.0000,	ALPHAPROPSD=0.0250,	STARTATPOPINFO=0,	RANDOMIZE=1,	LINKAGE=0,	METROFREQ=10,	REPORTHITRATE=0,	MARKOVPHASE=0,	PHASED=0,	PLOIDY=2,	PHASEINFO=0	LOCPRIOR=0, 	LOCPRIORINIT=1.000000, 	LOCDATA=0, 	LOCISPOP=1, 	LOCPRIORSTEP=0.100000, 	MAXLOCPRIOR=20.000000, 	SEED=1682096210,	
[STRAT parameters]:    NUMSIMSTATS=1000,	PHENOTYPECOL=-9,	POOLFREQ=10,	LOCUSxONLY=0,	EMERROR=0.00100,	MISSINGPHENO=-9,	