12 148 148 199 201 201 201 140 140 257 257 155 155 145 157 132 138 266 288 146 172 158 158 218 218 NA NA NA NA 2
45 148 148 197 199 201 210 142 142 259 259 NA NA 137 159 NA NA 282 286 146 166 158 158 218 218 NA NA NA NA 4
68 146 148 199 205 204 207 138 138 257 271 155 170 149 159 138 138 278 280 160 166 158 160 212 222 NA NA NA NA 2
0078F 148 148 NA NA NA NA 152 152 NA NA NA NA 151 151 132 138 NA NA 146 146 158 158 NA NA 146 168 NA NA 7
89 148 148 197 201 201 210 140 146 257 259 155 173 139 147 138 138 274 280 146 160 154 158 214 218 NA NA NA NA 2
110 148 148 201 201 204 207 132 132 259 271 155 164 147 147 132 138 266 276 146 146 158 158 214 222 NA NA NA NA 2
124 147 148 199 211 207 207 134 142 259 259 155 155 151 153 132 138 282 292 172 186 170 170 NA NA NA NA NA NA 3
148 148 148 197 211 204 207 130 138 259 271 155 164 137 153 132 138 282 286 146 158 158 158 218 220 NA NA NA NA 2
192 146 148 197 225 204 207 130 142 257 273 164 170 137 141 138 138 278 288 160 170 158 158 218 220 NA NA NA NA 2
224 146 146 199 199 204 210 134 138 259 259 155 158 149 161 132 138 278 286 146 146 158 158 216 220 NA NA NA NA 2
304 148 148 197 197 201 210 136 142 257 259 158 158 141 145 NA NA 270 272 146 148 158 158 218 220 NA NA NA NA 3
307 160 160 205 211 207 214 128 150 255 259 155 170 149 151 138 138 274 280 146 178 158 158 218 220 NA NA NA NA 2
315 147 148 197 197 201 207 136 140 259 259 158 170 147 151 138 138 278 286 148 170 158 158 212 218 NA NA NA NA 2
335 148 148 207 217 201 201 132 142 257 259 149 149 141 157 NA NA 280 286 146 160 158 158 210 220 NA NA NA NA 3
336 148 148 197 197 204 207 142 144 259 259 155 158 143 147 135 141 274 274 146 160 158 158 218 220 NA NA NA NA 2
385 148 148 193 203 201 201 128 142 259 259 155 170 151 151 NA NA 282 286 146 146 158 158 216 218 NA NA NA NA 3
397 148 148 191 201 201 210 136 138 257 257 155 170 145 149 138 138 278 282 146 146 158 158 216 218 NA NA NA NA 2
398 148 148 197 205 201 204 132 138 257 257 155 155 147 151 NA NA 278 280 168 172 154 158 216 218 NA NA NA NA 3
434 160 160 255 255 192 192 134 134 259 273 NA NA 147 153 138 138 266 280 166 166 152 152 202 202 NA NA NA NA 3
445 146 148 191 205 201 201 140 142 257 259 158 158 149 165 132 138 280 284 146 148 158 158 210 220 NA NA NA NA 2
453 147 148 197 201 201 207 140 142 257 259 155 158 147 181 138 138 280 284 146 146 158 158 214 220 NA NA NA NA 2
456 148 148 201 201 201 201 134 136 257 257 155 158 147 165 NA NA 278 286 146 146 158 158 210 214 NA NA NA NA 3
496 148 148 197 201 201 201 132 136 257 259 164 164 147 147 138 138 278 282 146 178 152 158 218 220 NA NA NA NA 2
564 148 148 199 211 201 204 130 134 259 259 188 188 141 141 NA NA 278 280 164 164 158 158 218 218 NA NA NA NA 3
583 147 148 193 201 207 207 130 136 259 259 155 155 147 153 138 138 266 280 146 172 158 158 214 218 NA NA NA NA 2
655 148 148 205 211 204 207 134 136 257 259 155 158 141 161 NA NA 280 280 146 160 158 158 218 222 NA NA NA NA 3
830 148 148 201 201 201 204 132 144 257 259 155 155 139 147 138 138 282 286 146 170 158 160 212 218 NA NA NA NA 2
879 148 148 197 197 201 210 134 142 259 261 155 158 139 161 NA NA 274 284 146 148 158 158 216 222 NA NA NA NA 3
886 148 148 197 201 201 204 144 146 257 259 155 158 149 153 138 138 280 286 146 146 158 160 214 218 NA NA NA NA 2
897 146 147 195 195 204 204 132 142 257 259 155 161 139 159 138 138 280 280 160 180 154 158 220 224 NA NA NA NA 2
917 148 148 197 201 201 201 140 142 257 259 155 155 147 159 138 138 280 284 148 168 158 158 210 214 NA NA NA NA 2
933 148 148 197 205 201 207 138 140 257 273 155 155 151 157 NA NA 270 282 146 166 158 158 214 218 NA NA NA NA 3
941 146 148 197 201 204 207 132 132 259 259 NA NA 137 145 138 138 NA NA 146 146 158 158 218 218 NA NA NA NA 4
966 148 148 197 223 204 204 136 136 261 269 155 158 147 151 NA NA 278 278 146 148 158 158 218 220 NA NA NA NA 3
1028 146 148 201 207 201 207 142 142 257 257 155 155 137 147 138 138 280 280 148 170 158 158 218 224 NA NA NA NA 2
1067 148 148 197 201 207 210 142 144 257 259 155 158 141 143 138 138 272 272 148 160 158 158 214 218 NA NA NA NA 2
1071 148 148 191 197 198 207 128 142 259 259 155 155 145 149 138 144 272 280 146 164 158 158 214 218 NA NA NA NA 2
1112 148 148 193 201 201 207 136 144 257 271 158 158 137 147 138 138 276 282 148 168 158 160 216 218 NA NA NA NA 2
1285A 146 147 197 197 201 207 138 140 259 261 NA NA 147 151 138 144 278 284 148 168 158 158 218 218 154 168 289 291 1
1285B 146 148 197 205 207 210 132 142 259 259 NA NA 147 147 138 138 282 282 146 166 158 160 218 218 146 146 297 297 1
1285D 147 148 197 201 207 207 140 142 257 259 155 173 147 151 138 138 270 276 146 168 158 160 216 220 146 146 285 291 0
1285E 146 148 203 205 207 207 132 144 261 271 158 173 135 157 138 138 282 282 168 174 158 158 212 218 146 158 285 297 0
1285F 146 147 197 211 201 207 130 130 257 259 188 188 NA NA NA NA NA NA 168 170 158 158 218 218 146 154 NA NA 4
1285G 146 147 197 201 201 207 138 140 259 259 188 188 147 151 132 138 278 284 146 168 158 158 218 220 146 146 NA NA 1
1285H 146 147 197 211 207 210 130 140 257 259 NA NA 145 147 138 138 280 284 146 168 158 158 218 218 146 154 285 299 1
1285I 148 148 197 211 201 207 132 132 259 271 170 173 147 149 138 138 276 280 146 146 158 158 214 220 146 168 285 285 0
1287 148 148 197 241 NA NA 134 142 257 257 NA NA NA NA NA NA NA NA 146 146 152 158 218 218 NA NA NA NA 7
1312 160 160 237 255 189 201 132 138 271 273 158 161 155 155 NA NA 278 300 184 186 152 162 200 206 NA NA NA NA 3
1326 148 148 191 197 207 207 132 132 257 259 NA NA 147 165 NA NA 278 280 146 168 158 158 218 220 NA NA NA NA 4
1343 148 148 199 205 201 204 134 134 259 271 155 155 151 151 NA NA 278 284 146 160 158 158 216 220 NA NA NA NA 3
1353 148 148 197 203 201 207 128 130 257 259 155 155 141 145 138 138 274 284 146 146 158 158 218 218 NA NA NA NA 2
1357 147 148 197 205 207 207 130 136 255 255 NA NA 147 161 138 138 280 280 146 164 158 158 214 218 NA NA NA NA 3
1362 146 148 197 211 201 207 138 144 257 257 155 155 141 151 138 144 272 274 146 146 158 158 218 218 NA NA NA NA 2
1391 148 148 201 205 204 210 140 148 243 243 152 164 139 149 NA NA 282 288 162 170 158 158 214 218 NA NA NA NA 3
1409 148 148 197 201 201 207 138 140 257 271 155 155 141 149 132 132 282 282 168 170 158 158 218 222 NA NA NA NA 2
1424 147 147 213 217 204 204 130 142 259 259 158 158 145 159 NA NA 278 286 146 148 158 158 214 218 NA NA NA NA 3
1424C 148 148 197 197 NA NA 132 140 259 259 NA NA 149 153 132 138 NA NA 166 168 158 158 NA NA 144 162 NA NA 5
1424E 148 148 191 197 204 204 136 142 259 259 NA NA 145 159 138 138 NA NA 146 146 158 158 218 218 146 146 NA NA 3
1424F 147 147 191 191 204 219 NA NA NA NA NA NA 141 141 138 138 NA NA 146 146 158 158 210 218 146 146 NA NA 5
1424G 147 148 191 211 NA NA 130 138 259 259 NA NA 145 149 138 138 NA NA 146 148 158 158 NA NA 146 146 NA NA 5
1432 147 148 197 201 201 207 132 142 259 259 155 164 147 151 138 138 278 282 146 146 158 158 218 220 NA NA NA NA 2
1442 148 148 197 205 201 210 136 142 259 261 155 158 145 161 132 138 282 288 148 168 158 160 214 218 NA NA NA NA 2
1450 146 148 191 203 207 207 130 140 257 259 155 158 NA NA NA NA NA NA 146 158 158 158 212 220 NA NA NA NA 5
1476 146 148 197 203 201 204 132 142 259 261 158 158 141 141 138 138 278 278 148 160 158 158 218 222 NA NA NA NA 2
1519 148 148 197 201 201 201 138 140 257 259 155 155 137 151 138 138 278 286 146 160 158 158 218 222 NA NA NA NA 2
1568 148 148 215 225 207 207 144 146 257 257 155 170 151 151 138 138 284 286 146 146 158 158 214 220 NA NA NA NA 2
1579 148 148 197 197 207 210 NA NA NA NA NA NA 141 147 138 138 280 280 148 148 158 158 214 218 NA NA NA NA 5
1614 148 148 197 197 207 210 136 140 257 257 NA NA 137 149 132 138 270 274 146 146 158 158 214 224 NA NA NA NA 3
1617 160 160 241 241 201 210 134 138 273 273 NA NA 149 161 NA NA 282 286 186 194 152 166 200 202 NA NA NA NA 4
1621 148 148 197 201 201 210 136 140 259 261 155 155 147 147 138 144 276 282 146 174 158 158 214 218 NA NA NA NA 2
1825 148 148 191 197 201 210 136 142 259 259 155 155 141 147 NA NA 282 282 148 162 144 158 214 220 NA NA NA NA 3
1829 148 148 191 197 201 207 132 142 259 259 155 155 153 159 NA NA 276 282 146 154 158 158 212 216 NA NA NA NA 3
1836 160 172 255 255 183 192 138 138 273 273 158 161 155 165 129 129 286 300 174 184 152 166 202 206 NA NA NA NA 2
1868 158 160 197 197 NA NA 136 136 255 265 143 149 NA NA NA NA 274 282 NA NA NA NA 194 202 NA NA NA NA 7
1900 148 148 197 205 204 207 142 142 259 259 155 164 147 161 138 138 282 286 148 170 158 158 216 216 NA NA NA NA 2
1923 148 148 193 211 201 204 130 140 259 259 158 170 141 177 138 138 278 280 146 170 158 158 216 218 NA NA NA NA 2
1924 146 146 197 213 207 207 132 132 259 259 NA NA 149 159 132 138 270 282 146 168 158 158 218 218 NA NA NA NA 3
1938 148 148 197 201 201 204 142 152 259 259 200 200 151 165 138 138 278 280 146 160 158 158 220 220 NA NA NA NA 2
1945 148 148 201 211 204 210 132 136 257 259 155 155 137 153 138 138 286 286 146 154 158 158 212 220 NA NA NA NA 2
2016 148 148 201 201 201 210 140 144 257 259 NA NA 159 161 NA NA 282 282 146 148 158 158 218 220 NA NA NA NA 4
2066 148 148 199 201 207 210 130 140 257 257 NA NA 141 145 NA NA 280 282 146 180 158 158 218 218 NA NA NA NA 4
3027 147 148 193 201 207 210 138 140 257 269 155 155 145 149 NA NA 278 282 146 146 158 158 220 222 NA NA NA NA 3
3051 148 148 197 197 207 207 140 140 259 259 155 155 153 153 138 138 286 286 168 168 158 158 218 218 NA NA NA NA 2
3056 148 148 197 199 204 207 140 140 259 259 155 158 145 147 138 138 278 284 168 168 156 156 212 212 NA NA NA NA 2
3079 148 148 201 203 210 210 140 142 261 273 155 170 141 149 132 138 278 278 146 146 158 158 214 220 NA NA NA NA 2
3093 148 148 197 201 201 201 138 144 257 257 NA NA 151 153 NA NA 278 286 146 146 158 158 218 222 NA NA NA NA 4
3129A 148 148 NA NA NA NA 130 140 NA NA NA NA 139 151 132 138 NA NA 148 174 158 158 NA NA 146 146 NA NA 7
3129B 148 148 197 201 NA NA 148 160 NA NA NA NA 159 132 138 138 NA NA 146 146 160 160 NA NA 146 158 NA NA 6
3129C 148 148 197 197 NA NA 138 142 NA NA NA NA 145 145 138 138 NA NA 146 146 158 158 NA NA 160 168 NA NA 6
3129F 148 148 197 201 NA NA 130 140 NA NA NA NA 151 151 132 138 NA NA 148 174 158 158 NA NA 146 168 NA NA 6
3129G 148 148 197 201 NA NA 130 140 NA NA NA NA 151 151 132 138 NA NA 148 174 158 158 NA NA 146 146 NA NA 6
3129H 148 148 197 201 NA NA 130 140 259 259 143 143 151 159 132 138 NA NA 146 174 158 158 NA NA 146 164 NA NA 4
3129J 146 147 201 201 201 207 140 140 NA NA NA NA 137 151 132 138 270 270 148 168 158 158 NA NA 156 164 285 285 3
3129K 148 148 197 197 201 204 130 140 259 259 NA NA 151 151 132 138 NA NA 144 146 158 158 NA NA 146 168 285 285 3
3129L 147 148 197 201 NA NA 132 140 NA NA NA NA 159 159 132 138 NA NA 144 144 158 158 NA NA 146 168 NA NA 6
3129N 146 147 201 201 207 207 140 140 NA NA NA NA NA NA 141 141 NA NA 146 146 158 158 NA NA NA NA NA NA 7
3129O 148 148 197 197 201 204 NA NA 259 259 NA NA 151 151 138 138 270 282 146 174 158 158 NA NA 146 168 273 273 3
3129P 146 147 201 201 201 207 140 140 259 259 NA NA 137 151 138 138 270 282 148 168 158 158 218 220 156 164 285 285 1
3129Q 147 148 201 201 201 207 140 140 259 259 NA NA 135 159 138 138 NA NA 148 168 158 158 212 218 156 164 285 285 2
3141 148 148 197 205 201 207 140 142 257 259 155 164 153 161 132 138 286 286 146 160 158 158 218 222 NA NA NA NA 2
3144 148 148 201 201 207 210 132 142 257 259 155 158 141 147 132 138 280 286 146 146 158 158 218 218 NA NA NA NA 2
3167 148 148 199 201 204 210 140 140 261 271 155 164 149 165 138 138 278 286 170 170 158 158 212 218 NA NA NA NA 2
3174 148 148 197 197 204 207 132 134 259 259 NA NA 151 153 138 138 278 282 146 148 158 158 216 218 NA NA NA NA 3
3177 148 148 197 205 201 204 130 132 257 257 155 155 147 149 138 138 276 284 146 158 158 158 218 220 NA NA NA NA 2
3271 148 148 201 213 201 201 130 140 257 259 158 158 137 145 NA NA 272 290 146 146 158 158 220 222 NA NA NA NA 3
