0079C 148 148 197 205 201 207 138 140 257 271 147 147 138 138 276 286 146 178 158 160 214 220 144 162 285 291 1
0079D 148 148 197 197 201 207 132 138 257 259 141 149 138 138 278 286 146 170 158 158 210 218 162 170 289 289 1
0079E 146 148 197 197 204 207 140 140 NA NA 149 159 138 138 270 270 166 172 158 158 192 194 NA NA NA NA 3
0079G 146 148 197 199 201 207 132 154 257 257 137 147 138 138 280 286 146 168 158 158 210 218 148 162 277 277 0
0082A 148 148 201 203 204 207 140 142 259 261 141 147 138 138 286 286 162 178 158 158 218 218 142 154 285 285 0
0082B 148 148 197 213 204 204 134 142 257 259 139 149 138 138 266 280 146 148 158 160 218 218 142 146 273 273 0
0082C 146 148 201 227 201 207 128 128 259 259 149 149 138 138 NA NA 146 146 158 158 212 212 142 148 NA NA 2
0082D 148 148 197 227 204 204 138 142 257 259 149 161 138 144 278 282 168 172 154 160 NA NA NA NA NA NA 4
0121B 148 148 203 203 NA NA NA NA 259 259 147 151 132 138 NA NA 160 168 158 158 222 224 NA NA NA NA 6
0121C 147 148 205 221 201 201 132 136 257 259 151 151 138 138 274 280 146 146 158 158 216 220 146 164 289 291 0
0147A NA NA 197 227 201 201 138 138 261 263 147 159 138 138 NA NA 168 172 158 158 NA NA NA NA NA NA 6
0147B 148 148 205 211 201 207 132 140 257 259 151 161 138 138 274 278 146 146 158 158 210 222 146 146 NA NA 1
0147D 148 148 197 205 204 207 138 142 NA NA 153 165 138 144 290 290 146 146 158 158 NA NA NA NA NA NA 5
0167A 148 148 197 213 207 210 132 132 271 271 149 151 138 138 282 286 146 172 158 160 214 218 146 168 289 289 0
0167B 146 148 197 211 204 210 136 144 259 261 137 147 138 138 270 280 168 170 158 158 218 222 146 146 293 293 0
0167C 146 148 201 215 201 204 140 142 259 269 141 159 132 138 278 286 146 166 158 158 218 224 142 170 285 289 0
0188C 148 148 201 211 201 207 138 140 257 259 143 147 138 138 272 282 146 166 158 158 218 222 NA NA NA NA 3
0188D 148 148 191 197 201 201 140 140 257 257 139 159 138 138 280 280 146 160 158 158 210 218 NA NA NA NA 3
0309A 148 148 197 213 204 204 132 136 257 257 141 149 138 138 280 282 146 168 158 158 210 218 146 156 285 285 1
0309C 148 148 197 205 201 210 136 140 259 259 147 153 132 138 278 284 146 174 158 158 210 220 146 156 289 289 0
0309D 148 148 NA NA 219 219 142 142 NA NA 141 141 138 138 278 278 148 168 158 158 NA NA 156 156 NA NA 5
0309E 148 148 197 197 201 201 132 136 261 263 141 149 138 138 280 282 146 168 160 160 NA NA 156 156 NA NA 3
0519A 148 148 201 201 207 207 130 132 257 259 139 165 138 138 NA NA 160 168 158 158 NA NA 146 148 NA NA 4
0519B 146 148 201 217 207 207 130 142 259 259 145 157 138 138 NA NA 148 168 158 158 NA NA 146 164 289 293 3
0519H 148 148 197 203 201 207 136 136 259 259 147 151 138 138 274 282 146 146 158 158 220 222 146 172 285 291 0
0519I 148 148 201 203 NA NA NA NA 257 257 147 151 138 138 NA NA 146 172 158 158 NA NA NA NA NA NA 6
0535C 146 148 197 197 201 207 136 140 257 259 147 149 138 138 NA NA 146 172 158 158 210 216 NA NA NA NA 3
0535D 146 148 197 197 201 207 132 138 259 273 147 165 138 138 276 278 146 168 158 158 218 222 NA NA NA NA 3
0625A 148 148 201 205 201 204 138 138 257 257 137 141 138 144 282 286 146 168 158 158 218 222 148 172 NA NA 2
0625B 147 148 197 197 201 201 140 144 257 261 137 145 138 138 270 280 146 146 158 158 218 222 146 166 285 291 1
0625C 148 148 197 197 207 210 132 146 257 259 139 145 132 138 282 284 146 160 160 160 210 212 146 146 285 289 0
0625D 147 148 197 197 201 207 132 152 257 257 147 161 138 138 278 282 160 160 158 158 210 210 146 164 285 289 0
0645B 146 148 197 197 NA NA 140 140 NA NA 147 153 138 138 NA NA 146 160 158 158 NA NA 172 172 NA NA 6
0645C 146 146 197 197 NA NA 128 128 NA NA 145 145 132 138 NA NA 146 146 158 158 NA NA 142 146 NA NA 6
0645D 147 147 197 201 NA NA 128 136 269 269 161 161 138 138 NA NA 148 148 158 160 NA NA 142 156 NA NA 5
0645E 147 148 197 205 207 207 140 140 259 259 147 153 138 138 NA NA 146 160 158 158 NA NA 146 146 NA NA 4
0645F 147 148 205 205 NA NA 140 140 259 259 137 137 138 138 NA NA 146 146 158 158 NA NA 146 146 NA NA 5
0645H 147 147 NA NA NA NA 140 140 NA NA 147 153 138 138 NA NA 146 160 158 158 NA NA 172 172 NA NA 7
0645I 146 148 197 197 207 207 140 140 257 259 147 159 138 138 NA NA 146 148 158 158 NA NA 164 172 NA NA 4
0645J 147 148 197 201 201 207 128 128 257 261 149 161 138 138 284 284 146 148 158 160 220 220 168 168 285 285 1
0645M 147 147 197 201 201 210 128 144 259 259 147 161 132 138 270 278 146 160 158 158 220 220 146 164 285 285 1
0645N 146 148 197 205 207 207 140 140 259 259 147 153 138 138 270 286 160 166 158 158 214 220 146 172 285 303 1
0645O 146 148 197 201 201 207 132 142 259 259 147 161 132 138 286 286 146 166 158 160 NA NA 166 168 279 291 2
1029C 148 148 197 217 201 201 132 142 259 259 141 161 138 138 NA NA 158 172 158 158 NA NA NA NA 291 291 4
1029D 146 148 201 211 204 210 136 138 259 259 147 161 138 144 NA NA 146 146 158 158 NA NA NA NA NA NA 5
1029G 146 146 205 205 NA NA 132 142 NA NA 135 137 138 138 NA NA 148 148 158 158 NA NA NA NA NA NA 7
1187A 148 148 193 211 201 204 138 142 257 257 151 165 138 144 278 278 146 172 158 158 218 222 146 148 291 291 0
1187B 146 148 197 215 198 201 134 136 257 257 137 141 132 138 278 288 146 146 158 158 220 220 142 146 285 289 0
1187C 148 148 197 211 201 210 138 142 257 257 141 165 132 144 278 278 146 172 158 158 218 222 148 156 291 291 0
1187D 148 148 197 199 207 210 140 140 259 259 141 147 132 138 280 282 146 160 154 158 216 220 NA NA NA NA 3
1187E 146 146 203 215 204 204 132 132 257 257 147 157 138 138 266 286 146 160 158 158 220 222 142 142 287 289 1
1314A 146 146 201 201 204 207 NA NA NA NA 147 147 138 138 282 286 146 146 158 158 218 220 148 148 287 291 2
1314B 146 148 197 205 204 204 138 142 259 259 145 145 NA NA NA NA 146 170 158 158 220 222 148 172 285 289 2
1314C 148 148 201 217 207 207 130 144 257 259 141 159 138 144 280 280 146 168 158 158 210 218 146 146 289 289 1
1314D 146 148 197 211 201 207 132 136 257 271 147 151 138 144 278 278 146 166 158 158 218 218 142 166 285 289 1
1314E 148 148 197 201 204 210 140 142 257 259 147 147 138 138 NA NA 146 146 158 158 218 218 144 148 285 287 2
1319A 146 148 197 197 207 210 138 142 257 259 137 149 138 138 266 266 146 168 158 158 214 214 146 148 285 289 0
1319B 148 148 197 197 207 210 138 142 257 259 145 147 138 138 278 286 148 166 158 158 218 218 NA NA 289 289 2
1326A 146 148 197 211 201 207 140 140 259 259 149 151 132 138 270 284 146 146 158 158 220 220 146 164 285 289 1
1326B 148 148 197 201 201 207 132 136 259 261 147 149 132 132 270 276 146 172 158 160 214 220 146 168 285 295 0
1326C 146 148 201 201 201 207 136 142 257 271 147 147 138 138 280 286 146 168 158 158 216 218 146 164 285 285 1
1326D 147 147 197 205 207 207 130 140 259 259 147 147 132 138 270 280 146 146 158 158 220 222 146 168 293 297 1
1326E 147 148 201 201 207 207 132 132 259 271 147 163 138 138 270 278 146 172 158 158 214 218 144 146 297 297 1
1326F 148 148 197 201 NA NA NA NA NA NA 147 147 138 138 NA NA 146 146 158 158 NA NA 142 142 NA NA 7
1326I 148 148 197 197 204 207 130 138 NA NA 147 149 138 138 270 282 146 178 158 158 214 220 146 156 NA NA 2
1337A 147 148 197 197 201 204 136 136 257 259 149 161 138 138 282 284 NA NA NA NA NA NA 146 164 289 295 3
1337B 148 148 193 201 201 207 132 138 257 259 147 147 138 138 278 278 146 158 158 158 216 218 142 146 285 291 0
1337C 148 148 201 205 201 204 140 140 261 273 141 147 138 138 278 278 146 176 158 158 218 220 146 172 285 285 1
1600A 148 148 197 211 204 207 138 142 257 257 137 159 138 138 280 286 146 146 158 158 218 220 146 158 285 289 0
1600B 148 148 197 205 201 207 132 138 257 257 137 157 138 138 278 280 146 166 158 160 214 216 148 168 285 285 0
1600C 146 148 197 197 207 207 NA NA 257 259 147 153 138 138 278 278 148 172 158 158 218 220 154 164 285 291 2
1630A 148 148 199 213 201 201 136 142 259 259 147 147 132 138 276 276 146 146 158 158 NA NA 142 146 295 301 2
1630B 146 146 197 227 201 201 134 138 257 257 147 147 138 138 278 278 NA NA 158 158 NA NA 146 146 285 285 3
1630C NA NA NA NA NA NA 134 142 259 261 141 151 138 138 NA NA 146 146 158 158 NA NA NA NA 285 285 7
1711A 146 148 205 213 204 210 140 146 257 257 137 149 138 138 280 280 146 146 158 158 NA NA 142 148 273 273 2
1711B 146 146 197 217 204 204 140 140 259 271 137 149 138 138 266 286 146 154 158 158 218 220 146 166 273 285 1
1711C 148 148 197 201 NA NA 128 128 NA NA 145 145 138 138 NA NA 146 146 158 158 NA NA NA NA NA NA 7
1711D 148 148 191 197 204 207 130 132 257 259 NA NA 138 138 280 282 NA NA 158 158 NA NA 146 150 303 303 4
1711E 148 148 197 197 213 213 NA NA 259 259 141 141 138 138 290 290 NA NA 158 158 NA NA NA NA 285 285 5
1715A 146 148 197 201 201 207 130 136 257 259 147 149 138 138 276 280 146 168 158 158 214 216 146 148 277 291 0
1715B 146 148 191 197 201 207 130 136 259 259 141 149 138 138 278 280 146 146 158 158 214 216 146 148 277 291 0
1715C 142 148 201 201 204 204 140 142 259 273 147 161 138 138 278 278 146 164 158 158 216 218 146 164 285 285 0
1715D 147 148 197 205 207 207 138 142 257 257 137 141 138 144 286 286 148 166 158 158 214 218 146 168 289 289 0
1715E 148 148 201 211 207 207 130 130 259 259 147 161 138 138 278 286 146 148 158 158 214 222 146 172 285 285 0
1718C 146 148 197 207 201 207 142 146 257 259 157 161 132 138 272 278 146 146 158 158 222 222 NA NA NA NA 3
1718D 148 148 199 213 201 204 130 132 257 257 141 141 138 138 282 282 146 168 158 158 220 222 NA NA NA NA 3
1726A 148 148 191 199 201 207 136 136 257 259 147 149 132 138 278 280 146 154 158 158 218 222 146 148 285 285 0
1726B 148 148 201 211 207 207 134 140 NA NA 147 157 138 138 280 282 146 146 158 158 NA NA NA NA 285 285 4
1783A 148 148 193 193 NA NA NA NA NA NA 149 153 132 138 NA NA 146 154 158 158 NA NA 146 146 NA NA 7
1783B 146 148 205 217 201 207 134 136 257 259 137 141 138 138 278 290 146 146 158 158 218 220 142 146 285 291 0
1783C 148 148 193 201 201 201 136 140 257 259 153 159 138 138 278 280 146 168 158 158 210 218 146 148 285 295 0
1783D 148 148 193 197 201 207 132 136 257 257 149 151 132 138 276 278 146 172 158 158 218 222 148 170 291 295 0
1783E 147 148 197 201 198 207 140 140 257 257 139 147 138 138 272 286 146 174 158 158 214 216 146 162 285 291 0
2008C 148 148 205 217 204 207 138 140 257 259 151 161 138 138 280 282 166 172 158 158 210 218 164 170 285 295 0
2008D 137 147 205 205 201 207 132 138 259 261 137 147 138 138 278 282 146 166 158 160 216 218 146 146 289 289 0
2008E 148 148 197 213 201 201 136 138 257 259 141 145 138 138 NA NA 146 160 158 158 218 218 146 170 285 285 1
2008F 148 148 201 201 NA NA NA NA 257 257 147 147 132 138 280 280 146 146 158 158 NA NA NA NA NA NA 6
2008G 148 148 199 211 207 207 142 142 257 259 141 153 132 138 282 284 146 168 158 158 218 218 146 146 NA NA 1
2008H 146 148 197 201 201 204 140 144 257 257 147 147 138 138 278 282 146 158 158 158 220 220 146 154 285 285 0
2009A 148 148 197 221 201 204 132 136 257 259 137 151 138 138 280 280 142 146 158 158 218 218 142 146 285 295 0
2033A 148 148 201 213 201 204 132 140 259 259 NA NA NA NA NA NA 162 166 158 158 214 216 146 146 285 291 3
2069C 148 148 191 229 207 210 132 136 257 257 141 161 138 138 266 280 146 146 158 158 214 218 NA NA NA NA 2
2069D 148 148 197 201 201 210 130 136 259 259 141 141 138 138 NA NA 168 172 158 158 210 214 NA NA NA NA 4
2122C 146 148 201 201 204 204 132 140 257 259 139 147 138 138 278 284 146 146 158 160 216 216 146 164 NA NA 2
2122D 146 148 201 207 204 204 130 132 257 257 141 147 138 138 278 278 146 146 158 160 216 218 NA NA NA NA 3
2159A 148 148 197 227 201 210 132 138 257 257 147 147 138 138 280 280 160 168 158 160 216 218 146 156 285 287 0
2159B 146 148 197 221 201 207 144 152 257 257 145 147 138 138 276 288 146 160 158 160 218 220 146 156 285 287 0
2159C 148 148 197 211 201 207 140 144 257 257 143 151 138 138 282 286 146 146 158 158 218 220 146 166 279 279 0
2159D 146 148 221 227 201 207 132 152 257 257 145 147 138 138 276 288 146 160 158 160 218 220 146 156 287 287 1
2159E 146 146 197 221 201 201 140 140 257 259 145 151 138 138 266 278 166 172 158 158 218 222 142 146 289 291 1
2193A 148 148 NA NA 192 192 NA NA NA NA 147 149 138 138 NA NA 146 168 158 158 NA NA 144 144 NA NA 7
2193B 148 148 205 205 201 204 134 142 257 271 147 153 132 138 274 282 146 166 158 158 218 218 162 162 285 285 0
2193C 148 148 197 211 201 204 130 132 259 273 147 149 138 138 280 286 146 146 158 158 218 218 144 158 283 285 1
2193D 148 148 193 199 201 201 134 136 257 261 149 159 132 138 278 280 146 172 158 158 218 218 146 156 285 285 1
2341B 147 148 197 203 204 204 140 140 257 259 137 141 138 138 282 282 168 168 158 158 218 218 146 146 NA NA 2
2341C 148 148 201 205 201 207 136 138 273 273 141 151 138 138 272 280 146 148 158 160 216 220 146 166 291 295 1
2351A 148 148 197 203 201 207 140 140 257 261 155 159 138 138 278 278 146 160 158 160 218 218 154 172 285 289 1
2366A 148 148 NA NA NA NA NA NA NA NA 153 153 138 138 NA NA 146 146 158 158 NA NA 142 144 285 287 7
2366B 148 148 NA NA NA NA NA NA 257 257 149 149 132 138 NA NA 146 154 156 158 NA NA 146 146 NA NA 7
2366C 148 148 201 201 207 207 136 136 257 271 153 165 138 144 278 282 146 178 158 158 214 214 144 164 277 285 0
2366D 146 147 197 203 201 207 140 140 257 265 139 153 138 138 284 288 146 178 158 158 214 214 146 166 285 285 0
2409A 148 148 201 203 204 204 132 142 257 259 159 159 138 138 278 280 146 160 158 158 NA NA 142 142 NA NA 3
2423C 147 148 197 211 201 207 134 138 257 259 147 151 138 138 280 282 146 146 158 158 214 218 146 146 287 289 1
2423D 148 148 197 197 207 210 136 142 257 257 143 159 138 144 280 286 146 146 158 158 218 220 NA NA 289 289 2
2423E 148 161 197 197 207 207 NA NA NA NA 159 159 132 138 278 286 154 154 158 160 214 214 NA NA NA NA 5
2448B 147 148 197 197 207 207 150 160 NA NA 149 159 138 138 278 286 168 168 152 154 214 216 156 164 289 291 2
2448C 148 148 197 197 201 207 160 166 NA NA 159 165 138 138 NA NA 160 174 158 160 220 220 156 168 289 297 3
2448E 147 148 197 197 201 207 150 166 NA NA 149 165 138 138 278 282 160 174 158 160 220 220 168 168 285 297 2
2448F 147 148 197 201 207 207 148 154 NA NA 147 153 138 138 NA NA 166 168 158 160 NA NA 146 146 285 285 4
2448G 148 148 197 197 NA NA 150 150 NA NA 149 165 138 138 NA NA 160 174 158 160 NA NA 146 156 NA NA 6
2448H 148 148 197 197 201 207 160 166 NA NA 159 165 138 138 278 286 146 174 158 160 218 220 156 168 285 297 2
2448I 148 148 197 197 201 207 150 166 NA NA 149 165 138 138 278 286 160 174 158 160 218 220 168 168 289 297 2
2811B 148 148 201 201 201 207 136 140 259 261 149 159 NA NA NA NA 146 158 158 158 NA NA 142 146 285 289 4
2811C 148 148 197 201 204 207 136 136 257 257 145 149 138 138 278 280 146 146 158 158 216 216 142 158 285 285 1
2811D 148 148 201 201 NA NA 130 140 257 261 147 151 132 138 NA NA 158 172 158 158 NA NA 164 170 NA NA 5
2811E 148 148 197 201 204 207 138 142 257 259 147 157 138 138 282 282 146 148 158 158 218 220 146 166 285 303 1
2856A 148 148 199 205 201 204 NA NA NA NA 151 151 132 138 278 278 146 160 158 158 NA NA 154 154 273 277 3
2856B 148 148 197 201 201 204 NA NA 257 259 145 153 138 138 278 278 146 174 158 160 214 214 144 170 291 295 1
2856C 148 148 199 203 201 204 NA NA 257 259 141 147 138 138 266 280 146 168 158 158 218 220 146 170 273 181 1
2856E 148 148 197 201 201 210 NA NA 257 259 137 159 138 138 280 282 146 170 158 158 218 218 NA NA NA NA 4
3026A 142 148 191 211 207 207 128 132 259 273 137 151 138 144 278 280 146 166 154 158 218 220 146 154 285 295 0
3026B 147 148 197 227 204 207 138 142 259 273 137 141 138 138 280 286 146 174 158 158 218 220 NA NA NA NA 3
3253A 147 148 197 213 201 201 132 132 257 259 141 143 132 138 282 286 146 160 158 160 210 214 146 156 291 291 1
3280A 147 148 197 213 204 204 132 138 259 259 141 141 138 138 280 282 146 146 158 158 218 222 146 166 285 303 1
3280B 148 148 205 219 204 207 140 144 257 257 137 159 132 138 282 282 146 160 158 158 212 220 146 146 289 293 0
3601C 148 148 201 201 201 204 128 142 259 259 157 159 132 138 278 278 146 160 158 158 218 222 NA NA NA NA 3
3601D 148 148 NA NA NA NA 130 140 257 259 141 159 138 138 284 284 146 146 158 158 224 224 NA NA NA NA 5
3760C 161 161 193 241 NA NA 138 138 273 273 153 155 NA NA NA NA 178 180 152 152 200 204 158 174 283 283 4
4249A 147 148 201 203 204 207 132 136 259 259 157 157 132 138 282 282 146 174 158 158 214 220 148 164 287 295 0
4316A 148 148 203 211 201 207 140 140 261 261 139 165 138 138 276 280 146 172 158 160 210 220 NA NA 285 285 1
4316B 148 148 201 205 201 201 144 146 259 259 137 165 138 138 276 280 146 146 158 158 214 218 146 182 289 289 0
4316C 148 148 201 207 201 204 NA NA NA NA 147 165 138 144 276 280 146 148 158 158 214 222 146 146 293 293 2
4316D 148 148 197 211 201 204 136 140 261 261 149 161 132 138 266 290 146 146 158 158 218 218 NA NA NA NA 3
4316E 148 172 201 203 201 207 136 144 261 261 157 159 138 138 280 280 146 146 158 158 214 222 NA NA NA NA 3
4542C 147 148 197 205 201 207 130 142 257 257 147 147 132 138 276 276 146 164 158 158 210 210 NA NA NA NA 3
5457A 148 148 197 205 201 201 136 142 259 259 147 159 138 138 272 286 168 172 158 158 218 218 156 164 285 287 1
5597A 148 148 199 199 207 210 NA NA 261 261 141 161 132 138 288 288 146 170 158 158 NA NA NA NA 279 291 4
5597B 148 148 197 201 201 201 130 132 259 259 141 153 132 138 282 282 146 168 158 158 210 218 156 172 281 291 1
5597C 148 148 197 197 204 210 130 130 259 271 145 161 132 138 280 282 158 166 158 160 214 218 146 146 285 285 1
5597D 148 148 201 205 201 207 130 142 259 259 147 149 138 138 NA NA 146 148 158 158 NA NA 146 146 NA NA 4
5637A 147 148 203 203 201 207 142 142 257 257 147 159 138 138 280 280 146 148 158 160 218 222 146 148 285 293 1
5637C 146 148 201 221 207 210 132 140 257 257 143 149 132 138 NA NA 154 172 158 158 222 222 146 146 285 291 2
5637D 146 147 191 201 207 210 132 142 NA NA 137 147 138 138 NA NA 148 168 158 158 NA NA NA NA NA NA 6
5637E 147 148 197 203 NA NA 140 140 NA NA 141 147 138 138 NA NA 146 148 158 160 NA NA NA NA NA NA 6
5637G 147 148 203 203 NA NA 140 140 NA NA NA NA 138 138 NA NA 146 148 158 160 NA NA 148 148 NA NA 7
5912A 147 148 199 205 204 207 140 140 259 269 149 159 132 138 280 286 146 160 158 160 216 218 146 146 285 297 1
5912B 148 148 197 205 207 207 130 142 257 257 149 161 132 138 276 278 146 166 158 158 218 220 142 146 285 291 1
5912C NA NA NA NA NA NA 140 140 269 269 NA NA 138 138 278 278 148 160 158 160 216 216 142 146 289 289 5
5912D 147 147 193 197 207 207 132 132 NA NA 147 147 132 138 NA NA 146 166 156 156 NA NA 146 148 NA NA 5
5912E 148 148 197 205 207 207 130 142 257 257 145 161 132 138 274 278 142 146 158 158 NA NA 146 154 NA NA 3
5954B NA NA NA NA 216 216 132 132 257 257 NA NA 138 138 NA NA 146 146 158 158 NA NA 144 146 283 283 6
5954C 148 148 197 197 NA NA NA NA NA NA 147 147 138 138 NA NA 148 148 158 158 NA NA 148 148 NA NA 7
5954D 148 148 199 199 NA NA 134 134 259 259 161 161 138 144 NA NA NA NA NA NA NA NA 146 146 NA NA 6
5954E 151 151 199 205 NA NA 134 134 NA NA NA NA 132 138 NA NA NA NA NA NA 214 214 160 160 NA NA 7
6136A 148 148 197 201 204 210 128 140 257 259 137 157 132 138 280 280 142 146 158 158 218 218 142 146 285 289 0
6136B 148 148 197 203 204 207 132 138 257 273 137 153 138 138 278 286 146 146 152 152 188 188 NA NA 293 293 1
6136C 147 148 197 201 207 210 136 144 259 273 145 151 132 144 276 282 146 146 NA NA NA NA 146 158 297 297 2
6337A 148 148 197 197 189 189 140 140 NA NA 137 153 138 138 280 280 146 146 158 158 210 210 156 156 273 273 1
6337B 146 148 205 217 201 207 142 142 257 257 141 153 138 138 278 286 160 166 158 158 218 218 156 166 273 273 0
6337C 148 148 197 215 207 210 140 142 259 267 147 165 138 138 280 280 146 154 158 158 218 218 146 164 273 273 0
6337D 146 148 197 221 207 207 128 128 257 259 147 147 138 138 278 278 158 168 144 160 NA NA 146 148 NA NA 2
6337E 146 148 201 227 204 207 132 140 257 259 147 149 138 138 274 280 146 170 160 160 188 188 146 146 NA NA 1
6382C 146 148 199 205 201 207 136 138 257 259 149 153 138 138 280 286 146 146 158 158 208 220 156 164 289 291 1
6382E 148 148 197 201 201 207 132 142 257 257 147 153 132 138 276 282 160 170 158 158 214 220 146 162 289 297 1
6382F NA NA NA NA NA NA NA NA 257 257 143 143 132 138 282 284 170 170 158 158 NA NA 158 172 NA NA 7
6382G 142 148 197 201 201 204 138 140 259 273 141 149 132 138 278 280 146 158 158 162 NA NA 146 168 NA NA 3
6514C 148 148 197 199 201 204 132 140 257 273 141 149 138 138 278 280 146 148 158 158 218 218 142 160 285 291 0
6514E 148 148 193 199 201 207 142 152 257 259 149 161 138 138 278 280 146 148 158 158 212 220 142 146 289 289 0
6514F 148 148 197 201 207 207 140 140 257 259 145 147 132 138 278 286 168 170 158 158 210 220 146 146 285 285 0
6514G 148 148 201 201 NA NA 136 136 NA NA 151 151 138 138 NA NA 146 148 NA NA 210 216 142 160 285 291 4
6514H 148 148 201 201 204 207 138 144 NA NA 147 147 138 138 288 288 146 158 158 158 218 222 146 146 NA NA 2
6546B 148 148 199 205 204 204 142 144 257 271 139 165 132 138 286 286 142 142 NA NA NA NA 146 162 NA NA 3
6546C 148 148 197 199 201 204 NA NA NA NA 147 165 138 138 278 278 146 146 158 158 NA NA 146 166 NA NA 5
6706A 147 148 201 205 207 210 132 152 257 257 141 165 138 138 280 280 146 148 NA NA NA NA 146 146 NA NA 4
6706B 146 148 199 201 207 207 132 134 257 271 141 147 138 144 NA NA 146 146 NA NA NA NA 162 166 NA NA 4
6723B 148 148 NA NA NA NA 132 132 NA NA 143 143 135 138 NA NA 146 148 158 158 NA NA 146 146 NA NA 7
